Date & Time,feature0,feature1,feature2,feature3_1,feature3_2,feature3_3,feature3_4,feature3_5,feature3_6,feature3_7,feature3_8,feature11,feature12,feature13,feature14,feature15,feature16,feature17,feature18,feature19,feature20_0,feature20_1,feature20_2,feature20_3,feature20_4,feature20_5,feature20_6,feature20_7,feature28_0,feature28_1,feature28_2,feature28_3,feature28_4,feature28_5,feature28_6,feature28_7,feature36_0,feature36_1,feature36_2,feature36_3,feature36_4,feature36_5,feature36_6,feature36_7,feature44_0,feature44_1,feature44_2,feature44_3,feature44_4,feature44_5,feature44_6,feature44_7,feature52_0,feature52_1,feature52_2,feature52_3,feature52_4,feature52_5,feature52_6,feature52_7,feature60,feature61_0,feature61_1,feature61_2,feature61_3,feature61_4,feature61_5,feature61_6,feature61_7,feature69_0,feature69_1,feature69_2,feature69_3,feature69_4,feature69_5,feature69_6,feature69_7,feature77_0,feature77_1,feature77_2,feature77_3,feature77_4,feature77_5,feature77_6,feature77_7,feature85_0,feature85_1,feature85_2,feature85_3,feature85_4,feature85_5,feature85_6,feature85_7
	2020-09-01 21:53:51,512.52,15.02,3.18,14.0,0.0,1269.0,318.0,,,,,0.0,8.31,401535.0,251.0,1601.0,13.46,3,10.75,-80.0,12.0,19.0,15.0,5.0,21.0,22.0,20.0,13.0,-85.0,-89.13,-89.06,-88.25,-87.38,-87.31,-81.81,-80.56,-92.0,-88.63,-95.44,-93.31,-91.06,-90.63,-84.31,-82.94,,,,,,,,,,,,,,,,,-80.13,6.0,-2.0,1.63,6.63,-5.06,1.88,5.69,12.13,-1.06,-0.25,-7.69,-0.69,-8.19,0.13,3.19,8.56,,,,,,,,,,,,,,,,
	2020-09-01 21:53:52,537.9,15.77,3.15,33.0,0.0,1251.0,312.0,,,,,0.07,10.07,394713.0,247.0,1596.0,13.02,3,11.75,-79.5,11.0,12.0,5.0,22.0,21.0,20.0,13.0,19.0,-88.44,-84.25,-91.94,-86.75,-86.06,-84.25,-79.56,-86.63,-93.0,-91.25,-88.94,-93.13,-90.81,-91.44,-80.81,-86.75,,,,,,,,,,,,,,,,,-80.5,-0.13,6.0,1.69,0.63,1.88,-0.69,12.5,-3.5,-5.63,1.13,4.56,-5.81,-3.19,-6.5,10.81,-3.13,,,,,,,,,,,,,,,,
	2020-09-01 21:53:53,534.02,16.6,2.98,12.0,0.0,1588.0,0.0,,,,,0.0,8.44,401889.0,251.0,1600.0,13.48,3,11.75,-77.75,12.0,5.0,8.0,19.0,13.0,4.0,16.0,20.0,-77.75,-81.38,-77.81,-81.69,-76.0,-79.81,-80.56,-79.06,-85.13,-90.31,-87.75,-90.19,-78.69,-88.31,-105.31,-86.25,,,,,,,,,,,,,,,,,-86.38,7.13,7.0,-5.25,-1.88,9.31,5.31,-1.69,3.31,3.75,3.06,-4.44,-6.31,11.81,2.94,-17.81,1.19,,,,,,,,,,,,,,,,
	2020-09-01 21:53:54,581.47,16.89,3.18,10.0,0.0,1275.0,312.0,,,,,0.0,10.4,400703.0,251.0,1597.0,13.66,3,10.38,-77.88,28.0,21.0,16.0,22.0,12.0,13.0,20.0,19.0,-86.94,-87.63,-81.31,-85.94,-84.25,-83.75,-84.06,-84.44,-92.69,-86.25,-89.0,-87.0,-84.88,-78.06,-84.81,-87.94,,,,,,,,,,,,,,,,,-82.25,-0.88,1.69,1.31,-0.13,8.0,7.63,0.06,-2.06,-8.06,0.06,-3.44,-1.69,4.56,9.0,-0.25,-5.63,,,,,,,,,,,,,,,,
	2020-09-01 21:53:55,601.46,17.83,2.99,10.0,0.0,1588.0,0.0,,,,,0.0,8.95,401362.0,251.0,1598.0,14.06,3,8.13,-77.25,8.0,21.0,19.0,28.0,12.0,13.0,20.0,22.0,-88.94,-84.94,-81.81,-85.31,-79.63,-82.13,-75.0,-87.06,-85.81,-85.31,-80.69,-86.56,-81.56,-81.0,-76.38,-86.0,,,,,,,,,,,,,,,,,-79.0,-10.0,5.56,5.13,3.44,10.75,10.5,10.94,2.75,-4.06,2.63,5.44,1.94,8.81,10.56,10.19,1.63,,,,,,,,,,,,,,,,
	2020-09-01 21:53:56,629.42,17.61,2.99,9.0,0.0,1588.0,0.0,,,,,0.0,8.39,402433.0,252.0,1597.0,13.38,3,14.25,-72.5,24.0,12.0,20.0,16.0,13.0,8.0,0.0,22.0,-82.31,-82.56,-75.88,-78.75,-77.88,-84.63,-83.88,-83.75,-90.63,-86.94,-82.06,-85.5,-77.69,-91.06,-90.81,-90.56,,,,,,,,,,,,,,,,,-83.75,6.25,6.06,10.5,1.5,12.94,-6.44,-1.19,0.19,4.88,3.06,6.56,2.63,19.56,-4.94,-0.13,-2.75,,,,,,,,,,,,,,,,
	2020-09-01 21:53:57,605.56,18.71,2.98,18.0,0.0,1579.0,0.0,,,,,0.0,9.32,400233.0,250.0,1598.0,14.44,3,12.38,-74.13,,,,,,,,,,,,,,,,,,,,,,,,,,,,,,,,,,,,,,,,,-76.75,,,,,,,,,,,,,,,,,,,,,,,,,,,,,,,,
	2020-09-01 21:53:58,686.27,18.88,3.19,10.0,0.0,1259.0,318.0,,,,,0.0,10.14,399351.0,252.0,1587.0,13.92,3,16.13,-74.25,21.0,20.0,22.0,11.0,12.0,13.0,4.0,5.0,-83.38,-74.44,-83.44,-81.69,-77.13,-73.75,-84.25,-82.25,-88.31,-85.31,-93.75,-91.13,-83.38,-77.63,-93.06,-86.88,,,,,,,,,,,,,,,,,-73.0,3.81,11.75,-0.13,4.5,8.25,13.56,8.25,9.44,4.63,6.88,-7.5,-0.13,8.63,15.88,5.13,9.25,,,,,,,,,,,,,,,,
	2020-09-01 21:53:59,693.16,19.92,2.99,10.0,0.0,1585.0,0.0,,,,,0.0,8.59,401520.0,252.0,1594.0,13.62,3,16.25,-74.75,20.0,16.0,17.0,11.0,12.0,13.0,5.0,4.0,-79.88,-96.25,-95.69,-86.38,-81.63,-83.06,-88.06,-85.25,-77.75,-82.56,-82.06,-84.75,-77.88,-74.94,-83.5,-87.19,,,,,,,,,,,,,,,,,-86.88,12.81,-10.69,-14.5,7.13,11.19,13.94,12.69,10.0,7.81,1.25,-5.94,2.13,8.06,16.44,11.31,5.25,,,,,,,,,,,,,,,,
	2020-09-01 21:54:00,734.42,21.08,2.96,30.0,0.0,1563.0,0.0,,,,,0.0,8.35,396071.0,249.0,1593.0,14.26,3,16.38,-73.25,12.0,13.0,8.0,16.0,20.0,5.0,17.0,11.0,-81.75,-81.25,-93.06,-97.88,-80.19,-88.88,-91.81,-87.0,-78.81,-74.94,-84.5,-82.13,-79.06,-83.63,-81.94,-85.63,,,,,,,,,,,,,,,,,-84.75,10.44,15.5,-9.69,-12.63,11.38,8.13,-12.81,7.19,7.88,14.88,-7.0,2.5,7.13,10.38,-5.5,0.94,,,,,,,,,,,,,,,,
	2020-09-01 21:54:02,800.53,22.0,2.96,30.0,0.0,1567.0,0.0,,,,,0.0,9.2,396011.0,248.0,1597.0,13.64,3,15.5,-72.13,20.0,12.0,5.0,19.0,18.0,16.0,13.0,17.0,-79.75,-82.38,-89.63,-88.81,-94.31,-93.63,-82.75,-96.38,-75.88,-76.25,-80.69,-82.94,-82.19,-78.75,-71.81,-79.56,,,,,,,,,,,,,,,,,-88.5,11.81,9.31,13.69,2.38,-0.94,-7.25,13.94,-16.06,6.44,6.5,10.69,-0.63,4.25,1.69,15.13,-6.31,,,,,,,,,,,,,,,,
	2020-09-01 21:54:03,767.62,21.61,2.96,30.0,0.0,1565.0,0.0,,,,,0.0,8.91,394144.0,247.0,1595.0,14.12,3,15.75,-71.75,11.0,13.0,5.0,12.0,17.0,16.0,8.0,20.0,-84.06,-79.31,-86.06,-78.81,-91.88,-92.94,-89.5,-76.81,-83.06,-71.88,-80.69,-76.75,-80.5,-79.19,-82.75,-78.88,,,,,,,,,,,,,,,,,-73.13,7.13,16.0,7.5,9.94,-15.63,-9.81,-6.88,10.94,0.69,15.38,9.81,6.75,-8.0,2.06,-9.81,3.44,,,,,,,,,,,,,,,,
	2020-09-01 21:54:04,767.48,21.88,3.0,1.0,0.0,1590.0,0.0,,,,,0.0,9.43,399880.0,251.0,1591.0,13.98,3,,,,,,,,,,,,,,,,,,,,,,,,,,,,,,,,,,,,,,,,,,,,,,,,,,,,,,,,,,,,,,,,,,,,,,,,,,,
	2020-09-01 21:54:05,759.5,21.34,3.0,1.0,0.0,1589.0,0.0,,,,,0.0,9.5,401807.0,253.0,1590.0,14.18,3,,,,,,,,,,,,,,,,,,,,,,,,,,,,,,,,,,,,,,,,,,,,,,,,,,,,,,,,,,,,,,,,,,,,,,,,,,,
	2020-09-01 21:54:06,815.37,20.33,3.69,0.0,0.0,494.0,1105.0,,,,,0.0,10.51,404220.0,253.0,1599.0,12.74,4,14.88,-73.0,11.0,12.0,4.0,5.0,17.0,13.0,20.0,16.0,-84.69,-78.75,-85.19,-86.06,-93.31,-78.63,-76.06,-90.69,-87.19,-79.94,-89.75,-83.5,-82.25,-75.5,-80.19,-82.13,,,,,,,,,,,,,,,,,-86.13,5.44,10.25,8.88,14.19,-16.81,16.44,12.19,-9.25,-0.88,6.31,3.44,9.94,-5.06,15.06,4.94,1.75,,,,,,,,,,,,,,,,
	2020-09-01 21:54:07,821.38,17.28,3.94,32.0,0.0,0.0,1558.0,,,,,0.0,6.98,395653.0,249.0,1591.0,11.3,4,15.38,-74.88,11.0,12.0,5.0,4.0,20.0,13.0,16.0,17.0,-85.38,-80.56,-86.88,-85.5,-77.5,-79.69,-90.94,-91.69,-87.31,-79.25,-83.63,-89.5,-78.75,-74.88,-81.81,-81.63,,,,,,,,,,,,,,,,,-76.5,4.88,8.94,6.81,8.25,10.69,14.13,-8.88,-14.25,-0.31,6.56,10.25,3.0,6.19,15.31,1.88,-5.75,,,,,,,,,,,,,,,,
	2020-09-01 21:54:08,857.74,18.41,3.99,3.0,0.0,0.0,1584.0,,,,,0.0,8.94,400684.0,252.0,1587.0,11.4,4,15.5,-73.88,19.0,20.0,17.0,4.0,12.0,13.0,5.0,16.0,-83.06,-74.81,-86.06,-82.25,-80.63,-78.81,-82.69,-91.63,-87.13,-78.56,-81.94,-89.06,-79.44,-75.38,-84.44,-81.63,,,,,,,,,,,,,,,,,-85.63,2.69,11.19,-12.56,8.94,9.63,15.69,10.06,-13.13,-1.0,7.75,-4.69,3.81,6.5,15.44,9.75,1.75,,,,,,,,,,,,,,,,
	2020-09-01 21:54:09,848.18,18.44,3.94,31.0,0.0,0.0,1565.0,,,,,0.0,8.53,396217.0,248.0,1595.0,11.46,4,15.88,-74.75,20.0,17.0,4.0,11.0,12.0,13.0,5.0,16.0,-74.94,-88.25,-83.13,-82.88,-77.81,-75.69,-82.69,-88.94,-77.63,-81.88,-88.56,-85.56,-78.13,-74.75,-83.88,-81.63,,,,,,,,,,,,,,,,,-73.75,11.94,-14.06,8.38,6.19,9.06,15.19,14.38,-9.69,8.0,-5.31,4.38,1.81,8.88,15.81,10.25,1.31,,,,,,,,,,,,,,,,
	2020-09-01 21:54:10,868.28,18.6,3.94,30.0,0.0,0.0,1571.0,,,,,0.0,9.49,397153.0,248.0,1601.0,11.78,4,15.75,-74.75,12.0,13.0,11.0,20.0,18.0,16.0,5.0,17.0,-80.25,-78.69,-85.25,-77.94,-94.56,-92.25,-86.06,-89.44,-79.0,-74.81,-86.0,-78.25,-85.13,-81.56,-84.69,-82.0,,,,,,,,,,,,,,,,,-76.25,9.75,15.25,6.19,11.75,-4.5,-10.31,9.13,-12.81,7.19,15.31,1.19,7.69,5.0,2.38,11.5,-5.31,,,,,,,,,,,,,,,,
	2020-09-01 21:54:11,847.42,18.27,3.99,6.0,0.0,0.0,1589.0,,,,,0.0,8.71,400494.0,251.0,1595.0,11.32,4,15.38,-72.88,5.0,20.0,17.0,11.0,12.0,13.0,18.0,16.0,-85.0,-77.06,-87.5,-85.81,-79.63,-79.44,-92.19,-92.81,-80.88,-77.44,-79.81,-83.06,-76.81,-72.25,-83.06,-80.31,,,,,,,,,,,,,,,,,-73.25,9.75,12.5,-11.31,6.38,12.19,15.44,-1.81,-11.19,10.0,5.63,-6.63,1.06,6.19,15.38,3.13,0.06,,,,,,,,,,,,,,,,
	2020-09-01 21:54:12,847.67,18.41,3.98,10.0,0.0,0.0,1589.0,,,,,0.0,8.88,400652.0,251.0,1599.0,11.2,4,15.13,-72.5,13.0,11.0,17.0,5.0,20.0,16.0,12.0,0.0,-79.56,-85.5,-90.69,-86.19,-76.56,-94.5,-80.06,-100.63,-72.06,-81.75,-82.0,-80.81,-80.75,-82.75,-76.44,-84.31,,,,,,,,,,,,,,,,,-87.75,14.75,5.56,-14.13,8.81,13.19,-13.13,9.88,-14.94,14.88,2.81,-4.69,9.81,5.19,1.56,7.19,0.56,,,,,,,,,,,,,,,,
	2020-09-01 21:54:13,866.52,18.55,3.96,22.0,0.0,0.0,1578.0,,,,,0.0,8.82,398790.0,249.0,1600.0,11.28,4,15.13,-75.13,28.0,20.0,17.0,11.0,12.0,13.0,5.0,16.0,-86.25,-76.94,-87.94,-84.94,-80.13,-79.69,-84.81,-95.0,-90.13,-83.44,-83.13,-86.06,-80.25,-75.5,-83.5,-82.69,,,,,,,,,,,,,,,,,-76.0,6.25,12.38,-11.31,5.38,10.38,14.88,9.88,-13.56,0.5,2.88,-6.88,1.0,5.88,14.5,9.69,2.0,,,,,,,,,,,,,,,,
	2020-09-01 21:54:14,848.91,18.3,3.95,24.0,0.0,0.0,1575.0,,,,,0.0,9.26,398389.0,249.0,1599.0,11.08,4,14.75,-75.5,20.0,12.0,17.0,5.0,18.0,13.0,8.0,16.0,-76.5,-80.38,-89.13,-85.31,-92.38,-79.81,-88.5,-94.0,-82.63,-80.5,-82.75,-83.56,-85.38,-75.81,-85.25,-82.13,,,,,,,,,,,,,,,,,-76.13,13.06,9.13,-12.38,10.69,-2.63,14.0,-6.88,-12.44,3.56,5.75,-5.75,9.88,3.31,14.63,-8.88,2.38,,,,,,,,,,,,,,,,
	2020-09-01 21:54:15,851.49,18.21,3.98,10.0,0.0,0.0,1590.0,,,,,0.0,8.13,401778.0,251.0,1600.0,10.78,4,16.0,-72.13,20.0,19.0,16.0,5.0,12.0,13.0,18.0,17.0,-76.81,-87.19,-93.44,-85.06,-80.69,-79.25,-92.38,-94.44,-80.44,-83.5,-79.56,-81.0,-77.94,-72.19,-82.81,-79.56,,,,,,,,,,,,,,,,,-73.13,13.0,2.0,-11.5,13.38,9.81,14.44,-2.31,-18.63,2.88,-0.31,2.88,12.06,6.56,16.13,3.75,-5.88,,,,,,,,,,,,,,,,
	2020-09-01 21:54:16,862.27,18.46,3.94,30.0,0.0,0.0,1566.0,,,,,0.0,9.09,396779.0,249.0,1596.0,10.98,4,15.5,-72.63,20.0,12.0,5.0,18.0,16.0,13.0,17.0,8.0,-76.44,-80.25,-84.63,-92.38,-90.56,-79.13,-89.38,-90.31,-77.63,-77.75,-80.38,-82.81,-79.25,-72.06,-79.81,-83.13,,,,,,,,,,,,,,,,,-74.38,13.25,8.94,10.56,-2.25,-8.88,14.31,-13.06,-9.63,5.19,7.06,10.81,3.31,2.56,15.63,-5.88,-8.94,,,,,,,,,,,,,,,,
	2020-09-01 21:54:17,858.54,18.74,3.99,6.0,0.0,0.0,1589.0,,,,,0.0,9.52,402067.0,252.0,1596.0,11.32,4,16.25,-72.25,18.0,13.0,8.0,12.0,17.0,5.0,16.0,20.0,-94.5,-82.0,-91.25,-81.19,-94.13,-87.75,-94.94,-79.06,-82.63,-71.63,-81.69,-76.81,-80.44,-79.88,-78.94,-76.31,,,,,,,,,,,,,,,,,-73.75,-1.06,16.0,-4.63,11.31,-13.94,12.31,-9.44,12.56,4.75,16.75,-8.44,6.44,-7.0,11.31,2.38,6.88,,,,,,,,,,,,,,,,
	2020-09-01 21:54:18,852.35,18.38,3.95,28.0,0.0,0.0,1565.0,,,,,0.0,9.15,395498.0,248.0,1593.0,11.72,4,16.38,-74.38,11.0,12.0,13.0,5.0,20.0,8.0,17.0,16.0,-85.81,-80.81,-83.0,-88.75,-78.44,-91.06,-95.06,-93.13,-87.63,-80.63,-74.56,-83.38,-81.5,-84.56,-84.25,-81.75,,,,,,,,,,,,,,,,,-87.38,8.5,11.38,16.06,11.25,12.94,-4.75,-14.44,-8.31,-0.44,5.81,16.63,11.13,4.94,-7.81,-8.75,2.81,,,,,,,,,,,,,,,,
	2020-09-01 21:54:19,854.46,18.45,3.94,30.0,0.0,0.0,1570.0,,,,,0.0,9.38,396335.0,248.0,1599.0,11.58,4,16.5,-71.5,8.0,5.0,16.0,11.0,12.0,13.0,20.0,17.0,-92.31,-88.75,-93.19,-86.5,-81.0,-82.63,-79.19,-94.94,-81.81,-83.88,-81.44,-84.19,-77.75,-71.5,-81.94,-83.0,,,,,,,,,,,,,,,,,-73.25,-7.5,9.25,-8.69,6.75,11.63,14.81,12.81,-13.81,-7.94,9.75,3.63,0.19,6.06,16.63,3.81,-7.13,,,,,,,,,,,,,,,,
	2020-09-01 21:54:20,847.23,17.91,3.94,30.0,0.0,0.0,1570.0,,,,,0.0,7.75,396623.0,248.0,1600.0,10.68,4,16.13,-72.5,12.0,16.0,5.0,20.0,13.0,11.0,17.0,8.0,-80.38,-94.13,-89.06,-78.81,-82.13,-86.0,-94.31,-91.38,-77.81,-78.81,-81.44,-77.81,-72.19,-83.88,-80.25,-82.06,,,,,,,,,,,,,,,,,-88.25,12.56,-10.25,9.06,14.19,15.25,6.94,-14.31,-7.31,6.56,3.38,10.13,6.0,15.5,1.0,-6.25,-7.81,,,,,,,,,,,,,,,,
	2020-09-01 21:54:21,834.15,18.56,3.94,30.0,0.0,0.0,1570.0,,,,,0.0,9.19,397678.0,249.0,1600.0,11.14,4,15.88,-72.88,8.0,5.0,17.0,20.0,12.0,13.0,18.0,16.0,-91.56,-89.63,-94.38,-79.19,-80.94,-82.75,-94.63,-92.69,-82.19,-81.06,-79.94,-77.38,-76.75,-71.88,-82.94,-78.69,,,,,,,,,,,,,,,,,-74.0,-6.63,14.88,-13.75,12.69,11.56,14.31,-0.94,-7.44,-8.81,9.81,-6.06,5.94,7.13,16.31,3.88,2.63,,,,,,,,,,,,,,,,
	2020-09-01 21:54:22,870.06,18.5,3.94,31.0,0.0,0.0,1569.0,,,,,0.0,9.31,396619.0,248.0,1600.0,11.36,4,15.38,-73.63,16.0,17.0,18.0,13.0,20.0,11.0,5.0,12.0,-94.31,-95.06,-95.5,-82.94,-79.25,-86.31,-90.25,-81.38,-81.63,-83.0,-86.31,-74.63,-79.44,-86.38,-83.63,-79.5,,,,,,,,,,,,,,,,,-84.25,-8.63,-13.63,-2.0,15.25,11.94,7.81,9.63,12.19,1.81,-6.63,2.31,15.69,6.56,0.56,9.94,6.13,,,,,,,,,,,,,,,,
	2020-09-01 21:54:23,853.29,18.59,3.94,31.0,0.0,0.0,1569.0,,,,,0.0,8.94,397069.0,248.0,1600.0,11.3,4,15.75,-74.0,20.0,5.0,16.0,21.0,12.0,13.0,19.0,17.0,-77.5,-87.31,-92.25,-88.25,-81.31,-82.81,-86.19,-91.81,-75.81,-80.75,-78.75,-84.0,-79.44,-74.44,-83.31,-79.81,,,,,,,,,,,,,,,,,-73.38,11.44,14.69,-9.69,3.56,11.25,14.94,2.06,-14.0,6.81,9.75,2.0,2.0,7.06,15.88,0.56,-6.88,,,,,,,,,,,,,,,,
	2020-09-01 21:54:24,861.15,18.49,3.94,31.0,0.0,0.0,1564.0,,,,,0.0,9.35,393151.0,246.0,1595.0,11.5,4,14.88,-74.38,16.0,17.0,13.0,19.0,20.0,21.0,5.0,12.0,-90.88,-92.06,-79.75,-87.25,-77.38,-88.56,-87.0,-79.25,-78.94,-79.88,-74.63,-82.94,-75.56,-83.63,-83.31,-79.38,,,,,,,,,,,,,,,,,-83.75,-7.81,-14.19,14.5,1.0,12.19,2.94,9.25,10.31,1.81,-6.81,14.56,0.13,7.44,2.25,11.38,7.44,,,,,,,,,,,,,,,,
	2020-09-01 21:54:25,828.67,18.09,3.94,31.0,0.0,0.0,1547.0,,,,,0.0,8.87,388511.0,246.0,1578.0,11.94,4,15.75,-73.38,5.0,19.0,16.0,11.0,12.0,13.0,20.0,17.0,-90.13,-88.25,-94.44,-85.63,-81.13,-82.31,-79.25,-94.94,-83.56,-86.06,-81.5,-85.81,-79.0,-74.63,-79.25,-83.94,,,,,,,,,,,,,,,,,-72.75,10.31,3.0,-9.13,8.0,12.19,15.25,12.38,-14.0,10.13,-0.13,2.13,1.81,7.25,16.13,7.19,-7.69,,,,,,,,,,,,,,,,
	2020-09-01 21:54:26,794.67,18.49,3.94,30.0,0.0,0.0,1540.0,,,,,0.0,8.86,367463.0,234.0,1570.0,11.88,4,15.25,-72.25,12.0,16.0,5.0,18.0,17.0,13.0,11.0,20.0,-81.19,-94.56,-89.44,-94.69,-94.13,-81.88,-86.13,-79.25,-79.81,-81.94,-84.13,-86.75,-82.88,-74.94,-86.25,-80.69,,,,,,,,,,,,,,,,,-85.5,11.56,-9.81,16.63,-1.56,-13.25,14.88,7.38,11.94,6.44,2.44,9.44,1.94,-6.06,15.63,0.56,4.94,,,,,,,,,,,,,,,,
	2020-09-01 21:54:27,838.04,18.17,3.94,30.0,0.0,0.0,1566.0,,,,,0.0,8.52,396105.0,248.0,1597.0,11.12,4,15.13,-72.5,20.0,5.0,16.0,11.0,12.0,13.0,19.0,17.0,-78.69,-90.31,-102.25,-85.69,-80.69,-81.5,-88.13,-94.06,-77.5,-81.5,-79.06,-82.63,-76.56,-72.19,-83.75,-80.38,,,,,,,,,,,,,,,,,-73.13,14.5,8.31,-18.13,8.06,12.56,15.38,3.44,-14.06,5.44,8.94,2.44,1.19,7.5,14.31,-0.81,-6.44,,,,,,,,,,,,,,,,
	2020-09-01 21:54:28,840.59,18.41,3.94,30.0,0.0,0.0,1562.0,,,,,0.0,8.98,394822.0,248.0,1592.0,11.26,4,15.75,-72.88,20.0,16.0,17.0,5.0,12.0,13.0,18.0,19.0,-79.38,-94.19,-97.94,-90.94,-81.44,-81.69,-94.69,-88.75,-76.25,-78.81,-80.5,-80.5,-76.19,-72.19,-82.88,-82.75,,,,,,,,,,,,,,,,,-84.5,12.19,-9.38,-17.31,7.25,10.94,15.88,-0.56,2.75,6.38,1.69,-7.19,10.88,8.19,15.56,3.0,-0.19,,,,,,,,,,,,,,,,
	2020-09-01 21:54:29,817.26,17.78,3.94,31.0,0.0,0.0,1554.0,,,,,0.0,8.9,392495.0,248.0,1584.0,11.38,4,15.75,-72.25,5.0,17.0,16.0,20.0,12.0,13.0,19.0,18.0,-90.44,-94.69,-94.38,-79.25,-81.44,-82.56,-88.56,-94.69,-81.06,-79.63,-78.81,-75.63,-75.44,-71.5,-82.5,-82.56,,,,,,,,,,,,,,,,,-75.75,15.06,-14.0,-8.56,12.31,10.75,15.69,3.06,-1.31,9.38,-6.19,1.5,7.19,7.0,15.38,-0.06,3.31,,,,,,,,,,,,,,,,
	2020-09-01 21:54:30,862.84,18.84,3.94,30.0,0.0,0.0,1561.0,,,,,0.0,8.86,394532.0,248.0,1591.0,11.68,4,15.25,-73.0,12.0,13.0,5.0,18.0,17.0,19.0,20.0,16.0,-81.06,-83.06,-90.81,-94.94,-93.31,-87.88,-79.25,-93.81,-76.19,-71.69,-81.0,-82.5,-79.75,-83.0,-75.88,-79.0,,,,,,,,,,,,,,,,,-83.13,12.56,13.81,8.38,-1.19,-12.69,3.94,13.13,-8.75,6.5,15.19,9.19,4.94,-6.0,0.06,7.44,1.13,,,,,,,,,,,,,,,,
	2020-09-01 21:54:31,847.76,18.52,3.94,30.0,0.0,0.0,1530.0,,,,,0.0,8.78,384847.0,247.0,1560.0,11.36,4,15.63,-74.0,20.0,17.0,5.0,11.0,12.0,13.0,19.0,16.0,-79.38,-94.88,-90.94,-85.44,-81.13,-82.69,-88.25,-95.31,-79.94,-83.0,-84.63,-86.25,-79.31,-75.19,-86.31,-82.25,,,,,,,,,,,,,,,,,-73.25,12.81,-14.44,9.5,8.69,12.38,15.63,3.44,-10.69,5.94,-6.44,8.56,0.19,6.63,15.25,0.94,1.44,,,,,,,,,,,,,,,,
	2020-09-01 21:54:32,852.42,18.55,3.94,30.0,0.0,0.0,1562.0,,,,,0.0,8.86,395864.0,249.0,1592.0,11.48,4,14.5,-73.63,13.0,11.0,8.0,12.0,17.0,5.0,16.0,20.0,-83.19,-85.13,-91.63,-80.88,-92.13,-90.5,-94.88,-79.13,-75.19,-86.63,-85.88,-79.75,-82.69,-83.81,-81.69,-81.19,,,,,,,,,,,,,,,,,-84.5,13.06,8.69,-7.19,12.19,-10.63,8.81,-9.69,13.06,14.75,-0.38,-9.5,7.88,-5.63,9.5,2.44,4.81,,,,,,,,,,,,,,,,
	2020-09-01 21:54:33,868.44,18.78,3.94,30.0,0.0,0.0,1563.0,,,,,0.0,9.42,395465.0,248.0,1593.0,11.6,4,15.0,-75.25,16.0,17.0,18.0,13.0,20.0,5.0,11.0,12.0,-96.69,-94.13,-94.94,-83.13,-79.88,-90.56,-85.94,-81.63,-81.75,-82.94,-85.88,-75.19,-80.31,-84.19,-87.13,-79.75,,,,,,,,,,,,,,,,,-76.63,-11.56,-13.5,-1.06,14.0,11.81,14.94,8.56,11.56,2.75,-6.44,3.31,14.56,5.94,10.69,-0.5,6.5,,,,,,,,,,,,,,,,
	2020-09-01 21:54:34,855.22,18.39,3.94,30.0,0.0,0.0,1566.0,,,,,0.0,8.65,396523.0,248.0,1596.0,11.46,4,15.88,-73.63,13.0,16.0,5.0,17.0,18.0,12.0,20.0,19.0,-82.69,-93.44,-90.94,-92.5,-95.88,-81.13,-80.06,-88.81,-72.0,-78.75,-80.69,-80.81,-82.75,-75.88,-76.56,-82.13,,,,,,,,,,,,,,,,,-84.5,14.19,-7.69,8.88,-11.06,-2.0,12.31,12.31,3.56,16.38,1.5,10.44,-6.81,3.88,7.75,7.19,0.63,,,,,,,,,,,,,,,,
	2020-09-01 21:54:35,854.05,17.95,3.94,30.0,0.0,0.0,1562.0,,,,,0.0,8.74,394921.0,248.0,1592.0,11.04,4,14.75,-73.88,20.0,28.0,19.0,11.0,12.0,13.0,17.0,16.0,-75.13,-82.81,-83.19,-83.0,-78.94,-79.69,-89.19,-90.0,-77.06,-84.06,-82.44,-85.69,-79.06,-75.06,-79.75,-79.13,,,,,,,,,,,,,,,,,-72.63,10.63,6.19,3.13,8.69,11.94,15.19,-14.5,-10.19,5.56,5.56,1.5,0.56,7.06,14.75,-5.69,1.13,,,,,,,,,,,,,,,,
	2020-09-01 21:54:36,829.7,18.46,3.94,30.0,0.0,0.0,1564.0,,,,,0.0,8.59,395323.0,248.0,1594.0,11.26,4,14.5,-72.38,11.0,13.0,5.0,20.0,19.0,12.0,16.0,17.0,-80.81,-77.06,-85.5,-76.38,-84.44,-76.19,-88.56,-86.5,-82.63,-72.19,-81.06,-77.13,-81.69,-76.19,-79.25,-79.38,,,,,,,,,,,,,,,,,-85.63,7.56,14.19,6.5,9.44,1.0,11.81,-8.38,-11.06,0.94,14.56,9.38,6.69,2.06,7.5,1.13,-5.06,,,,,,,,,,,,,,,,
	2020-09-01 21:54:37,879.06,19.14,3.94,30.0,0.0,0.0,1557.0,,,,,0.0,9.7,393267.0,248.0,1588.0,11.38,4,15.5,-71.88,13.0,16.0,12.0,5.0,20.0,11.0,19.0,17.0,-80.25,-92.5,-78.75,-87.94,-78.13,-82.56,-86.69,-92.38,-71.69,-82.19,-75.56,-81.0,-79.63,-82.38,-84.38,-82.69,,,,,,,,,,,,,,,,,-73.25,15.25,-10.25,12.44,7.44,11.94,8.63,2.19,-14.56,15.25,1.31,9.38,10.5,6.81,1.75,2.06,-5.75,,,,,,,,,,,,,,,,
	2020-09-01 21:54:38,886.57,19.08,3.94,31.0,0.0,0.0,1565.0,,,,,0.0,8.64,395495.0,248.0,1596.0,11.5,4,14.88,-72.38,11.0,13.0,17.0,12.0,28.0,5.0,20.0,16.0,-82.44,-79.94,-89.69,-78.69,-85.0,-88.0,-77.31,-91.75,-85.75,-75.5,-82.5,-78.44,-86.75,-84.44,-79.69,-81.81,,,,,,,,,,,,,,,,,-83.38,10.06,14.69,-12.31,12.63,6.69,6.69,11.75,-9.44,1.56,14.88,-5.0,9.63,5.25,9.19,6.75,1.88,,,,,,,,,,,,,,,,
	2020-09-01 21:54:39,868.56,18.54,3.94,30.0,0.0,0.0,1554.0,,,,,0.0,8.78,386403.0,244.0,1583.0,10.94,4,15.13,-74.25,17.0,19.0,5.0,11.0,12.0,13.0,20.0,16.0,-93.94,-88.0,-89.75,-85.75,-81.19,-82.75,-79.5,-95.81,-82.63,-85.69,-84.31,-88.25,-80.56,-75.13,-79.81,-82.0,,,,,,,,,,,,,,,,,-76.13,-13.81,4.38,15.5,8.88,12.25,13.94,12.38,-11.38,-5.44,0.88,9.25,-0.56,5.63,15.19,6.56,2.13,,,,,,,,,,,,,,,,
	2020-09-01 21:54:40,820.88,17.96,3.94,30.0,0.0,0.0,1557.0,,,,,0.0,8.45,391964.0,247.0,1587.0,10.74,4,15.25,-73.63,11.0,12.0,5.0,16.0,19.0,13.0,17.0,20.0,-85.5,-81.69,-90.81,-93.25,-88.81,-82.94,-95.0,-80.44,-86.25,-78.69,-83.38,-81.56,-84.94,-74.56,-82.63,-79.06,,,,,,,,,,,,,,,,,-87.75,9.44,12.38,6.81,-7.63,4.25,14.0,-14.56,12.06,1.38,7.06,10.0,1.69,1.38,15.63,-5.44,8.06,,,,,,,,,,,,,,,,
	2020-09-01 21:54:41,822.31,18.46,3.94,30.0,0.0,0.0,1541.0,,,,,0.0,8.91,386678.0,246.0,1571.0,10.68,4,15.25,-75.88,17.0,22.0,16.0,11.0,12.0,13.0,20.0,5.0,-98.25,-91.44,-94.63,-85.94,-81.25,-82.88,-80.31,-91.13,-83.69,-86.13,-82.13,-86.5,-79.63,-74.81,-79.5,-83.75,,,,,,,,,,,,,,,,,-76.13,-17.56,-2.06,-9.38,8.31,12.63,14.94,11.75,6.88,-7.44,-0.94,1.19,-0.31,6.25,15.31,6.25,9.44,,,,,,,,,,,,,,,,
	2020-09-01 21:54:42,850.61,18.6,3.94,30.0,0.0,0.0,1567.0,,,,,0.0,9.51,395109.0,247.0,1597.0,10.84,4,16.38,-72.88,11.0,13.0,5.0,12.0,20.0,8.0,17.0,16.0,-85.75,-81.13,-91.88,-81.13,-80.25,-91.75,-91.06,-95.44,-84.88,-74.88,-83.63,-78.31,-78.56,-84.88,-82.5,-81.75,,,,,,,,,,,,,,,,,-87.63,9.94,16.38,6.19,14.0,12.31,-7.69,-11.44,-10.94,1.56,15.31,9.56,8.19,8.06,-9.44,-4.75,1.0,,,,,,,,,,,,,,,,
	2020-09-01 21:54:43,823.98,17.51,3.94,30.0,0.0,0.0,1557.0,,,,,0.0,8.95,391438.0,247.0,1587.0,10.84,4,15.88,-72.63,17.0,16.0,20.0,11.0,12.0,13.0,5.0,19.0,-92.19,-95.19,-80.5,-85.44,-81.56,-82.06,-90.31,-89.63,-82.94,-82.69,-77.81,-82.31,-75.06,-72.25,-83.75,-85.5,,,,,,,,,,,,,,,,,-75.38,-13.06,-10.94,11.75,9.63,12.63,15.94,8.63,2.25,-5.69,0.25,9.25,2.06,7.88,14.63,9.88,0.94,,,,,,,,,,,,,,,,
	2020-09-01 21:54:44,785.26,17.57,3.94,30.0,0.0,0.0,1559.0,,,,,0.0,8.94,392222.0,247.0,1589.0,11.0,4,15.13,-74.75,11.0,13.0,5.0,12.0,19.0,20.0,17.0,16.0,-84.94,-83.25,-90.69,-80.56,-87.94,-79.0,-94.31,-94.31,-86.69,-74.75,-83.63,-79.5,-85.56,-80.0,-82.75,-82.0,,,,,,,,,,,,,,,,,-87.88,9.19,13.94,7.44,12.63,4.75,13.19,-14.63,-9.5,0.75,15.5,10.31,6.19,0.56,6.75,-5.44,1.81,,,,,,,,,,,,,,,,
	2020-09-01 21:54:45,832.46,18.43,3.94,30.0,0.0,0.0,1562.0,,,,,0.0,8.35,391911.0,246.0,1592.0,11.06,4,15.88,-74.5,8.0,20.0,17.0,5.0,12.0,13.0,28.0,16.0,-90.81,-77.44,-91.0,-89.5,-80.94,-81.56,-84.31,-91.31,-83.0,-80.63,-81.94,-83.25,-79.5,-74.56,-88.31,-82.0,,,,,,,,,,,,,,,,,-75.5,-5.69,12.56,-14.88,5.19,12.94,16.31,8.06,-9.88,-7.44,5.69,-4.81,12.13,7.13,15.5,2.81,1.38,,,,,,,,,,,,,,,,
	2020-09-01 21:54:46,873.58,17.91,3.95,24.0,0.0,0.0,1552.0,,,,,0.0,9.07,391725.0,249.0,1576.0,10.9,4,16.75,-75.0,13.0,12.0,5.0,11.0,28.0,17.0,20.0,16.0,-78.44,-77.94,-89.0,-83.88,-83.63,-89.0,-76.81,-93.94,-74.94,-79.81,-83.63,-86.88,-87.31,-83.63,-80.25,-83.44,,,,,,,,,,,,,,,,,-86.5,16.69,12.56,7.19,8.31,9.5,-14.0,12.88,-10.94,14.56,7.81,10.44,0.5,4.94,-6.38,7.44,-0.5,,,,,,,,,,,,,,,,
	2020-09-01 21:54:47,688.79,15.49,4.0,1.0,0.0,0.0,1590.0,,,,,0.0,8.61,401329.0,252.0,1592.0,10.76,4,,,,,,,,,,,,,,,,,,,,,,,,,,,,,,,,,,,,,,,,,,,,,,,,,,,,,,,,,,,,,,,,,,,,,,,,,,,
	2020-09-01 21:54:48,628.04,14.79,4.0,1.0,0.0,0.0,1595.0,,,,,0.0,9.76,398287.0,250.0,1596.0,11.2,4,,,,,,,,,,,,,,,,,,,,,,,,,,,,,,,,,,,,,,,,,,,,,,,,,,,,,,,,,,,,,,,,,,,,,,,,,,,
	2020-09-01 21:54:49,628.06,14.71,3.98,8.0,0.0,0.0,1591.0,,,,,0.0,9.45,399766.0,250.0,1598.0,11.52,4,13.88,-74.0,21.0,4.0,20.0,11.0,12.0,13.0,19.0,28.0,-83.56,-84.44,-80.88,-81.0,-77.06,-74.88,-76.63,-80.19,-80.63,-82.19,-73.13,-77.0,-71.88,-75.06,-77.75,-78.88,,,,,,,,,,,,,,,,,-78.63,4.63,11.69,8.25,10.31,12.06,16.94,10.38,9.81,7.94,12.56,13.25,8.0,14.31,15.94,6.94,11.94,,,,,,,,,,,,,,,,
	2020-09-01 21:54:50,565.51,13.54,3.98,13.0,0.0,0.0,1587.0,,,,,0.0,9.88,400784.0,250.0,1600.0,11.5,4,15.75,-77.0,13.0,0.0,4.0,20.0,11.0,12.0,19.0,5.0,-81.69,-81.88,-86.38,-85.69,-85.06,-83.81,-81.75,-86.81,-78.5,-88.5,-81.25,-82.5,-80.94,-80.88,-81.38,-83.5,,,,,,,,,,,,,,,,,-78.5,14.38,5.06,9.69,5.5,8.5,8.75,8.13,11.56,10.63,-4.19,10.25,7.75,3.75,4.56,6.44,11.13,,,,,,,,,,,,,,,,
	2020-09-01 21:54:51,520.87,11.9,3.98,11.0,0.0,0.0,1588.0,,,,,0.0,7.69,400765.0,251.0,1599.0,10.6,4,10.0,-76.63,8.0,22.0,19.0,11.0,12.0,13.0,20.0,15.0,-79.69,-84.38,-79.0,-82.0,-83.06,-77.25,-78.69,-90.19,-77.5,-79.38,-73.88,-78.25,-75.5,-77.81,-74.94,-81.38,,,,,,,,,,,,,,,,,-70.0,-2.63,-2.06,6.13,6.19,7.56,15.25,9.25,-5.0,-7.06,-0.94,8.38,3.88,5.0,6.81,7.75,-2.56,,,,,,,,,,,,,,,,
	2020-09-01 21:54:52,525.33,13.11,3.97,16.0,0.0,0.0,1579.0,,,,,0.0,7.46,398317.0,250.0,1595.0,10.5,4,13.13,-69.13,19.0,4.0,20.0,27.0,28.0,11.0,13.0,12.0,-79.25,-81.38,-78.5,-84.69,-82.56,-80.75,-80.25,-76.25,-75.19,-78.25,-72.25,-77.0,-78.0,-67.56,-76.19,-69.25,,,,,,,,,,,,,,,,,-74.5,8.69,13.94,9.5,6.06,7.19,6.63,13.06,10.56,6.13,9.0,8.06,5.56,5.5,10.75,7.88,7.94,,,,,,,,,,,,,,,,
	2020-09-01 21:54:53,597.61,14.8,3.99,7.0,0.0,0.0,1588.0,,,,,0.0,10.35,401065.0,251.0,1597.0,11.48,4,11.38,-67.38,20.0,4.0,19.0,11.0,12.0,13.0,27.0,0.0,-74.88,-83.81,-74.63,-66.38,-70.19,-67.63,-73.13,-81.56,-79.38,-76.13,-75.94,-67.88,-76.63,-72.38,-75.0,-75.0,,,,,,,,,,,,,,,,,-74.63,3.63,2.81,3.06,11.13,3.94,13.5,6.88,-8.0,8.5,12.25,5.69,9.63,4.5,10.81,7.63,-0.5,,,,,,,,,,,,,,,,
	2020-09-01 21:54:54,640.38,16.4,3.98,10.0,0.0,0.0,1465.0,,,,,0.0,10.6,364201.0,247.0,1474.0,12.28,4,12.38,-69.0,5.0,12.0,11.0,20.0,19.0,4.0,13.0,3.0,-86.69,-70.5,-74.88,-78.38,-82.06,-80.19,-76.69,-82.75,-77.13,-69.13,-70.63,-76.75,-78.81,-76.94,-68.69,-80.06,,,,,,,,,,,,,,,,,-74.13,10.38,18.69,13.56,14.31,6.81,16.0,13.06,11.19,13.88,6.5,5.94,6.69,6.25,8.38,15.81,6.63,,,,,,,,,,,,,,,,
	2020-09-01 21:54:55,620.34,16.24,3.98,10.0,0.0,0.0,1382.0,,,,,0.0,8.48,345561.0,248.0,1392.0,11.94,4,15.38,-70.75,4.0,11.0,28.0,19.0,20.0,12.0,14.0,13.0,-79.31,-76.06,-78.5,-80.44,-76.13,-71.19,-83.06,-78.69,-81.44,-72.63,-81.5,-79.56,-79.25,-72.0,-81.75,-73.25,,,,,,,,,,,,,,,,,-80.13,16.56,11.38,15.38,7.63,15.44,18.5,6.25,11.44,8.5,7.94,5.19,3.5,4.06,7.25,6.38,14.0,,,,,,,,,,,,,,,,
	2020-09-01 21:54:56,599.6,14.72,3.98,10.0,0.0,0.0,1494.0,,,,,0.07,8.83,371560.0,247.0,1504.0,11.92,4,5.38,-66.38,28.0,4.0,19.0,11.0,12.0,13.0,20.0,21.0,-76.56,-74.0,-72.94,-70.44,-70.69,-72.25,-76.44,-80.19,-77.13,-76.44,-75.69,-66.69,-70.88,-70.81,-76.25,-75.69,,,,,,,,,,,,,,,,,-65.5,8.75,11.56,3.25,2.19,7.06,10.63,4.75,5.38,-0.13,4.94,-5.56,-2.06,-2.13,6.88,-0.69,6.31,,,,,,,,,,,,,,,,
	2020-09-01 21:54:57,511.76,14.53,3.98,10.0,0.0,0.0,1344.0,,,,,0.0,9.91,337622.0,249.0,1355.0,11.86,4,-2.25,-67.5,21.0,20.0,4.0,11.0,12.0,13.0,5.0,19.0,-80.56,-76.81,-75.94,-67.19,-70.38,-74.81,-79.94,-77.56,-77.25,-74.94,-73.25,-75.13,-73.0,-70.81,-76.81,-74.63,,,,,,,,,,,,,,,,,-67.75,1.31,-2.38,0.94,-5.25,-3.5,0.13,2.25,-8.0,3.19,0.38,8.56,-11.88,-5.25,5.06,8.75,-4.63,,,,,,,,,,,,,,,,
	2020-09-01 21:54:58,576.78,14.77,3.99,3.0,0.0,0.0,1592.0,,,,,0.0,8.39,403781.0,253.0,1595.0,12.48,4,9.13,-63.0,3.0,0.0,20.0,11.0,12.0,5.0,28.0,4.0,-76.81,-75.25,-82.19,-64.38,-73.13,-78.13,-81.75,-75.56,-84.94,-89.81,-74.25,-72.56,-67.81,-86.94,-77.56,-79.94,,,,,,,,,,,,,,,,,-72.5,10.38,-4.31,4.75,11.63,7.69,10.81,5.56,14.25,5.56,-11.88,17.13,10.63,17.13,6.25,13.0,12.88,,,,,,,,,,,,,,,,
	2020-09-01 21:54:59,699.18,16.02,3.99,7.0,0.0,0.0,1592.0,,,,,0.0,11.45,400833.0,251.0,1598.0,12.44,4,3.0,-65.38,11.0,21.0,12.0,27.0,10.0,19.0,13.0,20.0,-66.13,-77.0,-70.63,-75.63,-79.38,-72.88,-80.88,-76.56,-68.44,-83.44,-67.88,-87.0,-76.88,-81.44,-76.0,-77.19,,,,,,,,,,,,,,,,,-76.88,-5.25,3.94,-4.13,-3.38,-7.06,-3.88,-6.06,-2.0,2.63,4.0,7.75,0.31,4.44,-2.81,6.56,6.0,,,,,,,,,,,,,,,,
	2020-09-01 21:55:00,544.2,12.96,3.96,22.0,0.0,0.0,1573.0,,,,,0.0,8.97,398000.0,250.0,1595.0,12.8,4,5.0,-65.5,20.0,13.0,8.0,27.0,28.0,11.0,19.0,12.0,-77.13,-78.0,-78.31,-78.0,-78.13,-66.38,-75.69,-67.63,-84.5,-80.88,-80.5,-88.75,-85.44,-72.06,-83.38,-70.69,,,,,,,,,,,,,,,,,-69.13,3.5,3.31,-8.31,0.75,5.13,1.44,-0.69,5.75,4.25,6.81,-8.63,-0.19,8.5,5.13,-1.75,11.75,,,,,,,,,,,,,,,,
	2020-09-01 21:55:01,528.4,12.84,4.0,1.0,0.0,0.0,1586.0,,,,,0.0,9.77,393258.0,248.0,1587.0,12.86,4,,,,,,,,,,,,,,,,,,,,,,,,,,,,,,,,,,,,,,,,,,,,,,,,,,,,,,,,,,,,,,,,,,,,,,,,,,,
	2020-09-01 21:55:02,510.56,13.44,4.0,1.0,0.0,0.0,1592.0,,,,,0.0,9.6,401917.0,252.0,1593.0,13.08,4,,,,,,,,,,,,,,,,,,,,,,,,,,,,,,,,,,,,,,,,,,,,,,,,,,,,,,,,,,,,,,,,,,,,,,,,,,,
	2020-09-01 21:55:03,555.26,13.39,3.99,8.0,0.0,0.0,1593.0,,,,,0.0,8.69,405218.0,253.0,1601.0,12.8,4,4.0,-71.75,8.0,0.0,27.0,11.0,12.0,13.0,19.0,20.0,-77.75,-80.13,-78.13,-72.56,-73.69,-77.75,-74.44,-78.31,-85.75,-84.5,-81.19,-74.75,-74.63,-86.94,-75.38,-81.38,,,,,,,,,,,,,,,,,-79.88,-5.75,-1.44,3.81,-2.13,1.0,4.19,2.38,2.13,-9.88,-5.06,-0.94,-3.5,1.06,-1.63,1.88,0.38,,,,,,,,,,,,,,,,
	2020-09-01 21:55:04,583.23,13.81,3.95,25.0,0.0,0.0,1574.0,,,,,0.0,9.39,400543.0,250.0,1599.0,12.72,4,0.25,-71.25,10.0,8.0,12.0,20.0,13.0,9.0,11.0,19.0,-87.94,-85.88,-83.06,-82.94,-86.56,-91.25,-78.38,-77.75,-80.25,-80.06,-74.13,-78.44,-80.25,-82.75,-72.06,-74.19,,,,,,,,,,,,,,,,,-71.13,-0.88,-5.19,-2.63,5.75,1.38,-3.19,-1.19,6.56,1.63,-5.19,2.0,8.06,6.81,0.75,-0.44,8.06,,,,,,,,,,,,,,,,
	2020-09-01 21:55:05,533.18,12.92,3.98,10.0,0.0,0.0,1583.0,,,,,0.0,9.11,397414.0,249.0,1593.0,12.52,4,4.0,-72.88,8.0,3.0,10.0,11.0,12.0,4.0,19.0,20.0,-78.0,-81.0,-86.25,-72.25,-73.38,-78.56,-74.81,-76.69,-77.56,-90.88,-81.06,-71.38,-74.69,-91.13,-80.69,-90.88,,,,,,,,,,,,,,,,,-83.75,-5.56,-0.06,-8.69,-4.81,-1.5,5.06,2.94,4.63,-1.0,1.13,3.44,4.13,5.5,1.88,8.94,2.0,,,,,,,,,,,,,,,,
	2020-09-01 21:55:06,487.0,11.8,3.94,31.0,0.0,0.0,1567.0,,,,,0.0,8.64,397876.0,249.0,1598.0,12.18,4,9.13,-72.63,8.0,3.0,13.0,27.0,19.0,20.0,11.0,18.0,-87.06,-88.56,-90.0,-83.75,-78.0,-84.06,-78.75,-85.25,-78.63,-81.63,-80.63,-77.38,-70.81,-81.44,-75.69,-80.88,,,,,,,,,,,,,,,,,-70.5,-6.75,2.06,-2.25,5.25,8.44,7.06,-0.38,9.31,-5.56,5.56,2.13,5.13,8.88,1.38,-5.81,6.44,,,,,,,,,,,,,,,,
	2020-09-01 21:55:07,475.59,12.21,3.94,30.0,0.0,0.0,1569.0,,,,,0.0,8.44,398920.0,249.0,1600.0,12.58,4,15.38,-74.75,20.0,27.0,0.0,11.0,12.0,13.0,19.0,3.0,-91.25,-93.13,-85.75,-78.25,-80.06,-83.44,-81.13,-84.94,-85.13,-84.56,-94.44,-79.75,-84.25,-96.44,-75.5,-89.31,,,,,,,,,,,,,,,,,-80.0,2.69,1.06,-4.25,0.19,0.88,4.38,13.63,4.69,8.0,8.31,-10.25,4.38,1.38,-2.56,17.56,8.13,,,,,,,,,,,,,,,,
	2020-09-01 21:55:08,525.06,13.0,3.94,30.0,0.0,0.0,1569.0,,,,,0.0,9.63,398158.0,249.0,1599.0,12.5,4,13.75,-72.5,11.0,20.0,12.0,27.0,19.0,8.0,0.0,18.0,-79.63,-81.69,-76.75,-82.38,-72.5,-82.19,-83.38,-82.31,-81.94,-88.69,-86.31,-87.69,-78.31,-88.94,-92.0,-90.5,,,,,,,,,,,,,,,,,-71.88,-11.38,3.69,-4.63,1.13,10.81,-11.75,-0.13,7.56,-5.75,4.56,-7.38,2.44,12.75,-5.75,-3.25,6.88,,,,,,,,,,,,,,,,
	2020-09-01 21:55:09,517.02,12.68,3.94,30.0,0.0,0.0,1568.0,,,,,0.0,8.39,398358.0,249.0,1597.0,12.04,4,14.88,-68.5,19.0,28.0,20.0,11.0,12.0,17.0,27.0,18.0,-75.81,-85.31,-79.44,-75.94,-77.25,-85.44,-83.94,-80.88,-67.06,-78.56,-73.75,-74.94,-78.25,-78.63,-76.25,-76.0,,,,,,,,,,,,,,,,,-81.13,9.13,3.56,7.38,-6.31,-5.19,-0.38,3.31,10.44,14.13,5.75,8.81,4.94,2.56,0.5,7.56,11.31,,,,,,,,,,,,,,,,
	2020-09-01 21:55:10,525.92,12.53,3.94,30.0,0.0,0.0,1565.0,,,,,0.0,8.96,398368.0,250.0,1595.0,11.92,4,18.38,-70.0,18.0,11.0,20.0,27.0,28.0,3.0,19.0,12.0,-82.25,-78.75,-78.38,-85.81,-90.75,-95.13,-76.06,-82.19,-71.69,-74.81,-70.63,-72.0,-77.94,-78.25,-63.69,-78.31,,,,,,,,,,,,,,,,,-74.25,14.56,3.94,16.25,8.69,3.75,0.5,15.56,4.44,14.63,-9.19,10.88,11.88,6.44,6.75,15.69,-8.56,,,,,,,,,,,,,,,,
	2020-09-01 21:55:11,518.9,13.33,3.94,30.0,0.0,0.0,1568.0,,,,,0.0,10.26,400599.0,251.0,1598.0,12.24,4,16.13,-69.38,18.0,16.0,11.0,20.0,19.0,8.0,21.0,17.0,-74.81,-78.75,-77.31,-70.5,-68.81,-78.75,-77.19,-76.44,-76.0,-82.88,-81.81,-73.75,-70.44,-83.06,-78.94,-80.19,,,,,,,,,,,,,,,,,-78.63,11.88,-4.31,-3.31,12.25,13.63,-7.0,6.19,8.56,13.69,-2.44,-10.19,12.13,15.25,-5.69,7.25,4.06,,,,,,,,,,,,,,,,
	2020-09-01 21:55:12,511.2,12.05,3.94,31.0,0.0,0.0,1567.0,,,,,0.0,9.14,399303.0,250.0,1598.0,11.8,4,17.13,-70.13,11.0,8.0,20.0,27.0,28.0,18.0,3.0,19.0,-77.31,-80.38,-73.75,-76.19,-79.56,-72.56,-81.19,-70.56,-76.81,-80.44,-77.94,-77.5,-82.75,-79.25,-87.0,-70.56,,,,,,,,,,,,,,,,,-69.13,-7.94,-7.5,8.44,10.81,7.31,13.13,8.44,10.63,-7.94,-6.31,6.56,10.44,5.81,10.63,2.44,14.88,,,,,,,,,,,,,,,,
	2020-09-01 21:55:13,499.26,13.21,3.94,30.0,0.0,0.0,1567.0,,,,,0.0,10.21,397997.0,249.0,1597.0,12.3,4,17.0,-73.0,8.0,27.0,10.0,11.0,12.0,18.0,28.0,19.0,-87.69,-84.88,-83.31,-73.56,-82.56,-78.94,-84.38,-75.56,-79.25,-82.44,-88.75,-78.19,-84.5,-83.88,-88.88,-76.69,,,,,,,,,,,,,,,,,-79.88,-13.63,10.25,-0.19,2.13,-6.56,18.75,11.69,17.94,-3.13,12.13,-5.63,-4.0,-9.06,11.56,8.25,15.94,,,,,,,,,,,,,,,,
	2020-09-01 21:55:14,506.37,12.76,3.94,31.0,0.0,0.0,1569.0,,,,,0.0,9.82,398727.0,249.0,1600.0,12.6,4,14.25,-71.13,18.0,17.0,20.0,19.0,12.0,11.0,0.0,8.0,-79.13,-85.94,-76.44,-74.81,-81.88,-76.06,-80.81,-74.81,-76.13,-81.0,-75.69,-72.81,-85.06,-80.0,-87.19,-81.5,,,,,,,,,,,,,,,,,-67.5,10.25,-1.38,8.75,7.81,-9.13,-5.13,-0.81,0.75,16.56,7.56,13.56,14.44,-17.94,-14.63,-2.06,-7.13,,,,,,,,,,,,,,,,
	2020-09-01 21:55:15,521.37,12.96,3.94,30.0,0.0,0.0,1570.0,,,,,0.0,9.82,397445.0,248.0,1600.0,12.44,4,12.0,-70.75,8.0,19.0,20.0,11.0,27.0,18.0,22.0,17.0,-81.88,-74.44,-77.44,-75.13,-82.88,-75.25,-91.81,-84.0,-93.75,-69.94,-77.63,-84.75,-82.25,-79.81,-82.81,-82.13,,,,,,,,,,,,,,,,,-75.5,-8.5,7.56,7.25,-12.38,-1.19,13.06,-18.06,0.69,-16.44,11.44,6.06,-17.06,-2.19,5.81,-12.31,1.38,,,,,,,,,,,,,,,,
	2020-09-01 21:55:16,493.14,11.9,3.94,30.0,0.0,0.0,1570.0,,,,,0.0,9.38,399824.0,250.0,1600.0,12.16,4,11.0,-72.13,20.0,11.0,8.0,27.0,18.0,15.0,19.0,12.0,-78.19,-76.56,-77.5,-79.88,-76.56,-79.88,-70.69,-81.44,-82.94,-86.0,-74.19,-87.56,-82.88,-89.31,-79.44,-84.38,,,,,,,,,,,,,,,,,-62.25,3.63,-14.75,-4.81,1.81,8.94,-7.06,12.0,-17.88,4.75,-18.13,4.0,0.94,9.31,-9.69,11.44,-14.69,,,,,,,,,,,,,,,,
	2020-09-01 21:55:17,484.06,12.41,3.94,30.0,0.0,0.0,1570.0,,,,,0.0,9.31,397320.0,248.0,1601.0,12.1,4,1.13,-70.88,8.0,18.0,0.0,11.0,12.0,17.0,19.0,20.0,-69.94,-73.5,-78.81,-78.31,-78.88,-78.06,-71.25,-79.0,-87.75,-77.69,-88.63,-83.25,-84.19,-84.19,-71.25,-82.31,,,,,,,,,,,,,,,,,-71.5,0.06,9.94,0.13,-14.38,-14.56,4.38,9.56,1.75,-10.63,11.25,-3.13,-14.13,-14.19,0.69,13.81,4.63,,,,,,,,,,,,,,,,
	2020-09-01 21:55:18,509.79,12.29,3.94,31.0,0.0,0.0,1567.0,,,,,0.0,8.56,395767.0,248.0,1598.0,12.12,4,15.0,-73.13,19.0,18.0,12.0,9.0,17.0,11.0,8.0,20.0,-83.56,-83.06,-90.38,-92.38,-88.38,-83.81,-81.56,-89.88,-73.44,-82.5,-81.38,-85.69,-83.38,-83.0,-75.38,-81.31,,,,,,,,,,,,,,,,,-63.38,5.69,9.25,-17.31,-8.56,3.06,-11.31,-2.31,-2.19,16.25,9.31,-13.88,-7.69,5.25,-17.88,-0.56,5.69,,,,,,,,,,,,,,,,
	2020-09-01 21:55:19,484.32,12.11,3.94,31.0,0.0,0.0,1563.0,,,,,0.0,7.6,393722.0,247.0,1593.0,11.32,4,16.63,-71.25,8.0,27.0,21.0,11.0,12.0,19.0,20.0,18.0,-81.0,-84.31,-81.69,-81.94,-80.06,-76.31,-80.63,-80.31,-79.5,-83.06,-85.63,-88.56,-86.56,-71.94,-80.06,-78.44,,,,,,,,,,,,,,,,,-79.5,-6.56,0.81,10.56,-18.25,-13.19,11.63,9.56,11.94,-4.31,7.06,1.63,-18.0,-12.81,16.5,11.0,14.94,,,,,,,,,,,,,,,,
	2020-09-01 21:55:20,541.69,13.68,3.94,30.0,0.0,0.0,1567.0,,,,,0.0,9.46,395973.0,248.0,1597.0,12.76,4,23.63,-65.38,19.0,11.0,21.0,27.0,18.0,3.0,20.0,17.0,-58.19,-64.38,-72.5,-68.5,-71.5,-73.44,-67.63,-73.69,-60.0,-69.31,-75.75,-72.75,-71.88,-77.75,-68.0,-72.75,,,,,,,,,,,,,,,,,-63.75,21.56,8.63,2.25,14.0,12.06,9.25,13.31,7.38,27.25,-5.94,9.06,12.75,19.44,10.94,19.75,16.31,,,,,,,,,,,,,,,,
	2020-09-01 21:55:21,590.54,15.05,3.94,30.0,0.0,0.0,1557.0,,,,,0.0,8.13,392717.0,247.0,1587.0,13.1,4,24.25,-69.38,11.0,10.0,20.0,27.0,8.0,17.0,18.0,19.0,-79.19,-90.38,-84.44,-84.5,-84.69,-92.38,-87.75,-75.25,-76.69,-81.69,-77.13,-81.88,-74.5,-78.94,-72.31,-73.06,,,,,,,,,,,,,,,,,-85.75,-0.63,-1.25,12.5,12.5,-6.25,2.5,12.25,20.69,-6.88,-1.75,12.19,8.06,-4.5,7.5,20.94,15.88,,,,,,,,,,,,,,,,
	2020-09-01 21:55:22,685.05,15.2,3.94,31.0,0.0,0.0,1563.0,,,,,0.0,8.15,395273.0,248.0,1594.0,12.66,4,24.25,-65.13,11.0,20.0,19.0,27.0,23.0,17.0,10.0,18.0,-74.38,-81.25,-71.06,-78.25,-89.5,-87.69,-86.13,-80.94,-68.75,-70.19,-61.81,-73.0,-73.44,-71.94,-72.75,-63.88,,,,,,,,,,,,,,,,,-74.75,5.38,13.75,20.56,20.44,-0.25,3.94,3.31,17.63,5.25,17.94,25.5,13.94,9.69,11.63,9.19,23.19,,,,,,,,,,,,,,,,
	2020-09-01 21:55:23,713.65,16.48,3.94,30.0,0.0,0.0,1570.0,,,,,0.0,7.94,398190.0,249.0,1600.0,12.98,4,25.5,-58.13,11.0,23.0,12.0,27.0,17.0,20.0,18.0,19.0,-61.63,-70.44,-70.44,-68.31,-66.06,-63.94,-60.5,-52.88,-71.81,-79.56,-84.56,-77.75,-77.63,-77.94,-69.5,-67.88,,,,,,,,,,,,,,,,,-71.0,4.5,1.0,-3.94,9.25,9.81,11.63,17.81,22.06,7.81,9.31,-2.63,17.94,13.25,14.81,23.94,24.94,,,,,,,,,,,,,,,,
	2020-09-01 21:55:24,757.05,16.73,3.99,3.0,0.0,0.0,1595.0,,,,,0.0,9.27,401743.0,251.0,1598.0,12.78,4,22.13,-68.88,11.0,17.0,20.0,27.0,19.0,23.0,10.0,18.0,-72.88,-76.06,-75.19,-76.81,-65.25,-78.75,-77.13,-67.94,-82.0,-86.69,-84.56,-85.56,-77.0,-89.75,-87.25,-79.06,,,,,,,,,,,,,,,,,-83.25,2.88,14.25,13.13,11.06,23.81,5.63,7.13,24.75,5.0,8.25,9.0,10.19,17.0,-1.19,6.38,18.06,,,,,,,,,,,,,,,,
	2020-09-01 21:55:25,728.71,16.55,3.94,31.0,0.0,0.0,1564.0,,,,,0.0,9.41,394853.0,248.0,1595.0,12.9,4,20.63,-66.88,10.0,20.0,19.0,27.0,17.0,3.0,11.0,18.0,-83.94,-79.69,-72.69,-83.63,-85.81,-84.81,-76.44,-80.63,-81.19,-76.06,-65.81,-75.81,-81.25,-80.69,-70.06,-74.25,,,,,,,,,,,,,,,,,-75.25,4.31,14.63,19.75,10.69,7.31,13.81,2.63,16.13,6.0,11.63,20.69,15.38,7.0,12.31,10.19,18.13,,,,,,,,,,,,,,,,
	2020-09-01 21:55:26,696.31,15.96,4.0,1.0,0.0,0.0,1597.0,,,,,0.0,10.01,399643.0,250.0,1598.0,13.1,4,,,,,,,,,,,,,,,,,,,,,,,,,,,,,,,,,,,,,,,,,,,,,,,,,,,,,,,,,,,,,,,,,,,,,,,,,,,
	2020-09-01 21:55:27,645.85,14.38,4.0,1.0,0.0,0.0,1597.0,,,,,0.0,9.26,402181.0,252.0,1599.0,12.68,4,,,,,,,,,,,,,,,,,,,,,,,,,,,,,,,,,,,,,,,,,,,,,,,,,,,,,,,,,,,,,,,,,,,,,,,,,,,
	2020-09-01 21:55:28,594.34,14.72,3.99,3.0,0.0,0.0,1594.0,,,,,0.0,10.82,402519.0,252.0,1597.0,13.12,4,16.88,-69.5,19.0,20.0,8.0,18.0,16.0,11.0,0.0,17.0,-72.75,-78.19,-80.44,-80.19,-85.63,-81.13,-88.25,-87.0,-68.06,-70.75,-71.81,-73.13,-78.5,-71.25,-75.94,-77.75,,,,,,,,,,,,,,,,,-73.25,18.94,14.13,-3.44,14.5,-2.06,1.31,-4.88,2.38,15.31,12.44,0.0,14.0,-3.44,4.75,-0.06,5.13,,,,,,,,,,,,,,,,
	2020-09-01 21:55:29,623.62,14.86,3.94,31.0,0.0,0.0,1564.0,,,,,0.0,7.78,394754.0,248.0,1594.0,12.94,4,17.63,-68.88,8.0,0.0,20.0,11.0,12.0,18.0,17.0,19.0,-76.63,-83.69,-79.06,-78.81,-86.31,-77.88,-80.63,-73.19,-70.69,-78.19,-77.19,-72.0,-78.75,-75.63,-79.81,-70.13,,,,,,,,,,,,,,,,,-83.63,0.81,1.13,9.5,10.0,0.31,14.31,9.69,15.75,-1.25,-3.63,11.56,7.69,0.19,16.25,8.44,17.0,,,,,,,,,,,,,,,,
	2020-09-01 21:55:30,609.14,13.47,3.94,30.0,0.0,0.0,1562.0,,,,,0.0,9.36,393992.0,247.0,1592.0,12.64,4,21.25,-67.38,3.0,10.0,20.0,27.0,8.0,11.0,19.0,18.0,-83.75,-80.19,-77.81,-82.63,-79.69,-75.5,-72.38,-76.06,-79.31,-78.81,-79.94,-77.94,-80.19,-71.56,-67.5,-72.63,,,,,,,,,,,,,,,,,-82.13,11.19,11.19,12.13,9.88,-2.88,7.19,15.5,17.0,15.25,12.31,10.13,15.06,-6.0,13.19,22.06,21.31,,,,,,,,,,,,,,,,
	2020-09-01 21:55:31,613.13,15.04,3.99,4.0,0.0,0.0,1597.0,,,,,0.0,8.8,404278.0,253.0,1601.0,12.6,4,20.25,-66.25,8.0,27.0,10.0,11.0,12.0,18.0,20.0,19.0,-70.75,-71.63,-72.94,-72.31,-72.63,-71.06,-71.0,-64.5,-76.38,-75.38,-74.19,-70.25,-76.63,-70.63,-74.06,-66.63,,,,,,,,,,,,,,,,,-79.25,0.0,16.06,12.81,8.56,6.94,16.56,12.75,17.5,-5.25,15.44,14.0,12.0,7.44,20.69,13.44,19.75,,,,,,,,,,,,,,,,
	2020-09-01 21:55:32,619.82,14.55,3.98,10.0,0.0,0.0,1582.0,,,,,0.0,10.87,399640.0,251.0,1592.0,12.8,4,20.0,-66.63,11.0,20.0,19.0,27.0,10.0,18.0,0.0,8.0,-68.75,-76.19,-67.13,-73.5,-76.69,-74.19,-78.06,-77.13,-81.0,-83.06,-71.69,-85.5,-87.63,-77.25,-99.25,-92.63,,,,,,,,,,,,,,,,,-72.5,9.69,10.25,18.31,14.69,9.44,17.19,-2.81,-5.81,17.06,10.44,19.75,17.38,14.44,17.38,-17.38,-12.63,,,,,,,,,,,,,,,,
	2020-09-01 21:55:33,552.84,12.9,3.95,24.0,0.0,0.0,1575.0,,,,,0.0,8.45,400302.0,250.0,1599.0,12.5,4,20.75,-67.25,8.0,9.0,10.0,11.0,12.0,27.0,18.0,19.0,-76.13,-78.75,-75.06,-71.19,-75.94,-80.56,-76.13,-70.19,-87.69,-85.25,-83.56,-76.31,-83.5,-79.19,-75.88,-72.06,,,,,,,,,,,,,,,,,-78.63,-5.56,3.13,10.81,7.25,3.75,12.88,16.75,17.56,-12.13,4.94,10.38,12.88,6.25,18.44,19.38,20.38,,,,,,,,,,,,,,,,
	2020-09-01 21:55:34,535.58,13.91,3.94,30.0,0.0,0.0,1563.0,,,,,0.0,8.41,398274.0,250.0,1594.0,12.96,4,15.13,-67.25,8.0,27.0,10.0,11.0,12.0,19.0,20.0,18.0,-71.63,-75.06,-76.44,-65.38,-76.0,-69.38,-79.31,-77.38,-76.31,-76.75,-75.63,-70.38,-72.25,-68.19,-74.81,-73.19,,,,,,,,,,,,,,,,,-71.25,-2.75,17.5,10.5,13.94,5.0,18.13,9.75,16.69,-5.56,16.81,14.81,15.81,13.56,21.25,16.56,20.63,,,,,,,,,,,,,,,,
	2020-09-01 21:55:35,732.08,17.65,3.94,30.0,0.0,0.0,1569.0,,,,,0.0,8.52,397412.0,249.0,1598.0,13.36,4,18.13,-66.0,27.0,9.0,10.0,11.0,12.0,18.0,19.0,20.0,-76.75,-80.94,-76.81,-69.69,-73.19,-75.56,-67.19,-74.25,-73.31,-76.69,-73.88,-63.5,-70.06,-77.0,-67.75,-75.69,,,,,,,,,,,,,,,,,-69.0,16.38,3.0,13.81,18.94,13.44,18.0,21.25,15.69,20.69,6.19,16.5,22.19,14.69,18.56,23.5,16.5,,,,,,,,,,,,,,,,
	2020-09-01 21:55:36,855.72,18.81,3.94,31.0,0.0,0.0,1569.0,,,,,0.0,9.18,398297.0,249.0,1600.0,13.62,4,20.0,-65.63,20.0,3.0,10.0,11.0,12.0,27.0,18.0,19.0,-72.63,-83.38,-77.88,-69.19,-71.31,-74.19,-77.63,-69.31,-77.19,-72.5,-75.75,-65.5,-71.75,-72.38,-75.56,-65.94,,,,,,,,,,,,,,,,,-67.88,19.38,18.56,15.94,20.25,20.06,20.69,18.13,21.56,12.5,18.06,14.19,19.06,13.5,21.0,18.25,24.63,,,,,,,,,,,,,,,,
	2020-09-01 21:55:37,887.47,19.02,3.94,30.0,0.0,0.0,1568.0,,,,,0.0,8.51,399288.0,250.0,1599.0,13.5,4,20.63,-59.0,19.0,9.0,10.0,11.0,12.0,13.0,27.0,15.0,-75.19,-75.94,-75.31,-68.06,-69.75,-78.94,-77.94,-80.38,-62.56,-66.13,-65.44,-54.38,-59.44,-68.81,-67.19,-68.88,,,,,,,,,,,,,,,,,-61.0,17.56,6.5,16.69,20.25,19.81,9.56,17.25,6.44,22.69,4.38,13.94,21.44,17.19,9.19,22.13,6.63,,,,,,,,,,,,,,,,
	2020-09-01 21:55:38,891.45,18.84,3.94,30.0,0.0,0.0,1564.0,,,,,0.0,8.15,397438.0,249.0,1594.0,13.44,4,20.13,-64.13,27.0,3.0,10.0,11.0,12.0,2.0,19.0,0.0,-77.44,-78.13,-79.44,-65.19,-73.81,-86.88,-72.38,-82.81,-80.81,-71.06,-78.5,-67.06,-80.94,-80.88,-76.5,-74.81,,,,,,,,,,,,,,,,,-66.25,17.69,16.0,12.25,19.69,14.19,9.63,19.38,-7.5,18.5,18.0,14.63,20.06,8.56,11.0,21.69,-7.31,,,,,,,,,,,,,,,,
	2020-09-01 21:55:39,848.27,18.96,3.94,30.0,0.0,0.0,1548.0,,,,,0.0,10.4,386694.0,245.0,1577.0,13.36,4,20.63,-61.25,0.0,27.0,10.0,11.0,12.0,13.0,19.0,3.0,-82.25,-80.31,-79.0,-68.25,-72.5,-80.56,-75.63,-79.44,-69.75,-71.38,-68.38,-57.94,-67.63,-71.69,-64.56,-68.63,,,,,,,,,,,,,,,,,-62.0,-7.0,18.44,13.25,22.94,19.56,11.44,20.94,15.81,-6.63,17.88,14.75,20.94,10.88,13.0,22.31,17.19,,,,,,,,,,,,,,,,
	2020-09-01 21:55:40,770.11,16.69,3.94,30.0,0.0,0.0,1568.0,,,,,0.0,9.39,398973.0,250.0,1598.0,13.06,4,22.25,-64.63,27.0,20.0,10.0,11.0,12.0,13.0,19.0,3.0,-74.5,-80.25,-79.94,-69.19,-75.31,-81.56,-70.06,-78.63,-75.63,-82.19,-77.69,-64.06,-75.19,-80.25,-68.81,-77.94,,,,,,,,,,,,,,,,,-68.13,14.88,8.63,14.44,17.0,13.5,9.19,17.81,16.44,15.13,9.44,13.25,22.25,11.13,8.38,21.13,16.56,,,,,,,,,,,,,,,,
	2020-09-01 21:55:41,795.62,17.65,3.94,30.0,0.0,0.0,1570.0,,,,,0.0,8.5,399628.0,250.0,1600.0,13.3,4,20.38,-62.63,0.0,27.0,10.0,11.0,12.0,13.0,19.0,3.0,-83.63,-69.0,-82.88,-68.06,-79.5,-84.31,-65.75,-81.56,-70.31,-81.88,-73.0,-61.69,-71.69,-75.81,-76.69,-72.44,,,,,,,,,,,,,,,,,-65.63,-8.31,18.25,14.31,20.0,9.13,7.06,18.38,14.25,-5.75,15.56,15.0,18.13,10.13,11.38,19.38,12.69,,,,,,,,,,,,,,,,
	2020-09-01 21:55:42,775.04,15.86,3.96,23.0,0.0,0.0,1573.0,,,,,0.0,10.9,399532.0,250.0,1596.0,13.34,4,22.75,-65.88,0.0,12.0,10.0,3.0,27.0,11.0,8.0,19.0,-81.63,-75.25,-81.88,-83.0,-78.88,-69.56,-81.38,-74.94,-79.44,-77.63,-80.69,-81.25,-78.56,-67.44,-85.19,-72.31,,,,,,,,,,,,,,,,,-82.5,-5.38,15.19,13.31,14.06,16.25,19.13,-5.25,19.0,-6.5,13.38,16.31,13.13,17.0,23.75,-9.44,20.63,,,,,,,,,,,,,,,,
	2020-09-01 21:55:43,723.88,17.26,3.98,11.0,0.0,0.0,1590.0,,,,,0.0,6.38,405986.0,254.0,1601.0,12.86,4,21.63,-64.25,27.0,9.0,10.0,11.0,12.0,19.0,20.0,0.0,-70.56,-79.75,-76.13,-62.06,-70.75,-67.81,-79.63,-76.19,-73.94,-83.06,-77.5,-63.63,-76.31,-70.88,-86.94,-78.75,,,,,,,,,,,,,,,,,-66.88,17.25,4.0,9.81,17.56,10.06,18.25,7.44,-4.69,17.25,3.25,13.69,22.19,9.88,17.31,2.75,-4.94,,,,,,,,,,,,,,,,
	2020-09-01 21:55:44,821.65,18.15,3.94,30.0,0.0,0.0,1567.0,,,,,0.0,11.34,395748.0,248.0,1597.0,13.14,4,21.88,-61.38,8.0,27.0,10.0,11.0,12.0,13.0,19.0,0.0,-73.38,-73.06,-72.06,-62.19,-65.44,-74.56,-70.5,-74.0,-76.56,-71.38,-74.75,-64.0,-68.88,-76.88,-69.06,-68.44,,,,,,,,,,,,,,,,,-67.88,-2.88,17.63,15.75,22.63,19.44,9.81,18.38,-4.38,-5.69,15.44,14.69,20.13,14.88,11.31,15.88,-5.44,,,,,,,,,,,,,,,,
	2020-09-01 21:55:45,780.15,17.34,3.94,30.0,0.0,0.0,1566.0,,,,,0.0,7.02,397793.0,249.0,1596.0,13.08,4,22.38,-60.13,8.0,0.0,10.0,11.0,12.0,13.0,19.0,27.0,-74.38,-76.38,-75.13,-63.38,-68.69,-75.94,-70.19,-73.44,-71.13,-72.69,-69.13,-59.19,-63.38,-71.81,-68.19,-70.06,,,,,,,,,,,,,,,,,-64.88,-3.81,-7.63,15.13,20.81,19.69,9.88,17.13,16.81,-4.69,-7.19,14.94,23.94,20.63,12.94,14.94,14.75,,,,,,,,,,,,,,,,
	2020-09-01 21:55:46,884.96,18.75,3.94,30.0,0.0,0.0,1569.0,,,,,0.0,8.82,396931.0,248.0,1599.0,12.98,4,21.25,-61.88,8.0,9.0,0.0,11.0,12.0,13.0,19.0,27.0,-75.13,-74.94,-67.88,-61.69,-67.56,-73.38,-70.94,-76.19,-77.44,-80.81,-82.75,-62.94,-75.75,-79.81,-70.75,-73.56,,,,,,,,,,,,,,,,,-64.63,-7.63,3.06,-3.75,19.06,14.44,8.0,16.5,10.88,-5.44,3.81,-8.31,19.94,8.25,9.13,13.56,11.88,,,,,,,,,,,,,,,,
	2020-09-01 21:55:47,830.06,17.87,3.94,31.0,0.0,0.0,1558.0,,,,,0.0,8.87,396400.0,249.0,1590.0,12.94,4,22.13,-59.5,20.0,9.0,10.0,11.0,12.0,13.0,27.0,19.0,-83.69,-80.5,-80.81,-65.13,-75.81,-80.88,-75.81,-72.5,-72.75,-72.69,-73.63,-58.06,-63.38,-72.63,-68.94,-66.0,,,,,,,,,,,,,,,,,-63.0,5.25,6.5,11.44,19.56,12.69,7.56,12.25,13.0,10.56,2.13,7.31,19.44,15.44,9.94,12.88,15.13,,,,,,,,,,,,,,,,
	2020-09-01 21:55:48,812.76,18.56,3.95,29.0,0.0,0.0,1554.0,,,,,0.0,9.28,393949.0,249.0,1583.0,13.26,4,19.38,-63.88,0.0,27.0,13.0,3.0,19.0,9.0,8.0,11.0,-69.94,-74.19,-77.5,-77.81,-71.31,-77.75,-73.94,-61.56,-85.69,-87.31,-91.38,-91.19,-83.38,-94.63,-92.25,-75.44,,,,,,,,,,,,,,,,,-71.63,-4.06,9.56,1.31,8.31,12.06,0.19,-5.81,14.56,-5.44,9.81,7.31,9.5,13.94,-0.69,-10.44,19.81,,,,,,,,,,,,,,,,
	2020-09-01 21:55:49,832.75,18.38,3.94,30.0,0.0,0.0,1568.0,,,,,0.0,9.82,391494.0,245.0,1597.0,13.52,4,21.5,-65.13,24.0,11.0,13.0,27.0,9.0,12.0,0.0,19.0,-78.13,-65.63,-77.19,-75.13,-78.06,-73.81,-75.63,-71.5,-90.19,-71.75,-88.69,-82.94,-89.38,-81.0,-84.63,-81.81,,,,,,,,,,,,,,,,,-77.13,0.75,18.31,8.56,11.94,2.31,12.44,-6.88,12.44,4.69,23.19,6.88,13.56,1.19,13.25,-6.88,12.75,,,,,,,,,,,,,,,,
	2020-09-01 21:55:50,835.57,17.91,3.98,10.0,0.0,0.0,1591.0,,,,,0.0,7.74,403554.0,252.0,1601.0,12.68,4,20.13,-64.13,24.0,8.0,19.0,27.0,12.0,11.0,0.0,4.0,-79.13,-78.81,-72.25,-73.44,-87.06,-63.19,-74.56,-84.69,-84.94,-81.81,-75.5,-78.19,-77.63,-66.69,-74.19,-80.56,,,,,,,,,,,,,,,,,-65.38,1.81,-5.0,15.38,12.5,-3.94,18.88,-4.31,6.88,-5.13,-9.44,11.69,9.44,7.5,17.88,-6.44,10.63,,,,,,,,,,,,,,,,
	2020-09-01 21:55:51,813.51,16.94,3.96,23.0,0.0,0.0,1578.0,,,,,0.0,8.49,397570.0,248.0,1601.0,12.58,4,21.5,-62.5,19.0,0.0,10.0,11.0,12.0,13.0,27.0,15.0,-75.44,-79.5,-83.31,-64.0,-76.0,-79.75,-77.69,-83.94,-75.38,-74.63,-74.25,-62.94,-66.38,-71.13,-76.63,-76.75,,,,,,,,,,,,,,,,,-63.25,14.38,-7.06,9.06,22.88,11.25,7.56,14.88,-0.94,10.5,-4.94,10.75,16.44,13.88,12.31,10.63,0.75,,,,,,,,,,,,,,,,
	2020-09-01 21:55:52,821.22,19.13,3.95,28.0,0.0,0.0,1565.0,,,,,0.0,10.3,393609.0,247.0,1593.0,13.2,4,18.88,-60.13,19.0,3.0,8.0,27.0,10.0,12.0,0.0,11.0,-74.31,-84.13,-85.94,-79.0,-87.69,-81.75,-87.75,-67.69,-70.44,-78.38,-74.38,-71.81,-75.88,-65.81,-71.19,-59.19,,,,,,,,,,,,,,,,,-72.38,15.88,8.31,-9.19,12.56,3.38,4.0,-13.63,15.88,11.69,6.0,-8.81,12.19,6.63,12.0,-4.63,17.31,,,,,,,,,,,,,,,,
	2020-09-01 21:55:53,859.8,18.47,3.99,3.0,0.0,0.0,1586.0,,,,,0.0,8.56,397042.0,250.0,1589.0,12.88,4,21.38,-60.88,8.0,3.0,0.0,11.0,12.0,13.0,19.0,27.0,-77.13,-78.0,-76.5,-61.94,-77.56,-79.31,-70.19,-73.56,-86.69,-87.38,-85.19,-71.25,-77.56,-89.94,-80.13,-82.88,,,,,,,,,,,,,,,,,-67.5,-6.38,11.13,-7.75,21.81,5.94,3.19,15.44,14.56,-6.69,11.44,-8.31,17.19,11.88,4.44,14.25,14.75,,,,,,,,,,,,,,,,
	2020-09-01 21:55:54,870.14,18.41,3.94,33.0,0.0,0.0,1564.0,,,,,0.0,8.02,396182.0,248.0,1597.0,11.86,4,17.88,-63.38,8.0,0.0,3.0,11.0,12.0,13.0,27.0,19.0,-76.13,-72.94,-75.81,-61.81,-73.06,-73.75,-70.19,-67.38,-79.75,-75.69,-77.5,-64.56,-73.0,-73.75,-75.31,-73.06,,,,,,,,,,,,,,,,,-64.75,-7.56,-9.25,9.88,17.63,6.5,8.06,13.63,13.69,-9.25,-8.63,9.94,10.69,3.19,10.38,7.56,9.0,,,,,,,,,,,,,,,,
	2020-09-01 21:55:55,882.65,18.47,3.95,27.0,0.0,0.0,1573.0,,,,,0.0,7.63,394847.0,247.0,1600.0,11.5,4,17.13,-64.5,19.0,3.0,12.0,27.0,13.0,11.0,0.0,8.0,-74.13,-80.19,-80.69,-77.25,-79.5,-64.75,-76.69,-82.0,-78.31,-85.19,-86.88,-81.44,-85.88,-69.31,-83.06,-86.13,,,,,,,,,,,,,,,,,-81.88,12.31,12.63,3.56,11.69,5.63,18.63,-6.06,-7.31,13.5,11.63,2.63,10.56,8.44,18.13,-7.5,-6.0,,,,,,,,,,,,,,,,
	2020-09-01 21:55:56,893.9,19.61,3.99,3.0,0.0,0.0,1593.0,,,,,0.0,9.02,398973.0,250.0,1596.0,11.66,4,18.5,-62.5,27.0,0.0,10.0,11.0,12.0,13.0,3.0,19.0,-75.94,-74.75,-79.19,-63.69,-73.38,-76.0,-77.25,-70.19,-76.19,-77.63,-84.94,-68.38,-86.5,-78.25,-74.31,-77.13,,,,,,,,,,,,,,,,,-68.5,10.13,-4.88,6.63,16.38,7.44,8.56,10.31,14.0,9.44,-9.5,6.63,15.19,-2.25,10.31,12.06,6.31,,,,,,,,,,,,,,,,
	2020-09-01 21:55:57,896.99,19.65,3.94,30.0,0.0,0.0,1570.0,,,,,0.0,9.43,393913.0,246.0,1601.0,11.44,4,23.88,-63.5,13.0,12.0,3.0,27.0,8.0,11.0,0.0,19.0,-80.38,-82.75,-79.0,-75.5,-84.44,-62.88,-76.31,-72.75,-79.88,-80.06,-79.94,-77.38,-80.0,-66.38,-77.38,-77.06,,,,,,,,,,,,,,,,,-79.5,6.75,4.63,13.44,12.44,-9.25,26.63,-4.44,13.94,14.63,10.13,13.0,13.38,-3.63,22.13,-5.19,12.56,,,,,,,,,,,,,,,,
	2020-09-01 21:55:58,909.39,19.48,3.99,3.0,0.0,0.0,1593.0,,,,,0.0,8.45,398653.0,250.0,1596.0,11.32,4,22.63,-62.75,27.0,16.0,0.0,11.0,3.0,13.0,19.0,20.0,-71.69,-76.69,-70.63,-61.88,-76.44,-74.94,-69.75,-73.88,-76.63,-80.13,-79.75,-67.44,-78.44,-81.63,-76.13,-83.13,,,,,,,,,,,,,,,,,-65.25,11.63,-5.69,-3.63,22.94,10.0,8.44,11.31,9.19,11.75,-2.5,-7.44,18.5,12.88,11.81,10.56,4.13,,,,,,,,,,,,,,,,
	2020-09-01 21:55:59,897.22,19.16,3.94,32.0,0.0,0.0,1565.0,,,,,0.0,9.02,392584.0,246.0,1596.0,11.18,4,19.63,-61.75,20.0,3.0,27.0,11.0,12.0,13.0,19.0,0.0,-82.0,-77.75,-76.06,-64.0,-78.5,-78.0,-74.13,-77.06,-78.94,-73.06,-73.19,-68.19,-75.81,-80.06,-72.44,-75.94,,,,,,,,,,,,,,,,,-68.63,6.69,11.81,12.81,19.13,5.69,5.63,12.5,-7.38,5.13,11.69,9.25,15.81,7.19,9.44,8.94,-9.5,,,,,,,,,,,,,,,,
	2020-09-01 21:56:00,907.98,19.51,3.94,30.0,0.0,0.0,1569.0,,,,,0.0,7.7,396872.0,248.0,1599.0,11.38,4,23.0,-62.75,13.0,8.0,19.0,27.0,11.0,12.0,0.0,3.0,-82.63,-90.31,-80.38,-80.88,-68.75,-83.56,-80.25,-82.56,-78.94,-78.44,-74.63,-74.25,-62.75,-70.94,-74.69,-74.75,,,,,,,,,,,,,,,,,-78.0,9.31,-13.0,12.81,15.0,23.69,9.19,-6.31,11.81,9.25,-6.69,11.19,12.44,23.13,15.38,-6.56,12.0,,,,,,,,,,,,,,,,
	2020-09-01 21:56:01,961.14,21.4,3.98,10.0,0.0,0.0,1591.0,,,,,0.0,11.81,400570.0,250.0,1601.0,13.32,4,22.25,-60.13,12.0,3.0,8.0,19.0,16.0,0.0,11.0,13.0,-75.5,-80.31,-91.25,-76.06,-79.88,-77.13,-65.19,-76.94,-60.06,-66.13,-70.5,-68.31,-70.94,-69.0,-57.56,-70.13,,,,,,,,,,,,,,,,,-61.88,10.63,8.31,-18.38,10.63,-1.44,-7.31,21.69,9.81,18.56,12.13,-8.13,7.5,-2.38,-9.06,19.81,9.63,,,,,,,,,,,,,,,,
	2020-09-01 21:56:02,983.29,21.47,3.95,24.0,0.0,0.0,1572.0,,,,,0.0,10.21,396454.0,248.0,1596.0,14.52,1,23.0,-61.5,0.0,27.0,3.0,11.0,12.0,13.0,19.0,16.0,-75.63,-77.75,-74.69,-66.44,-78.44,-79.13,-78.63,-80.0,-70.19,-70.0,-67.63,-58.75,-66.31,-72.75,-71.19,-71.75,,,,,,,,,,,,,,,,,-61.75,-4.19,11.81,13.69,23.38,11.5,9.38,9.44,3.88,-6.81,10.69,13.38,21.31,12.94,8.06,7.94,1.25,,,,,,,,,,,,,,,,
	2020-09-01 21:56:03,980.21,20.25,3.94,30.0,0.0,0.0,1571.0,,,,,0.0,7.94,399616.0,250.0,1601.0,13.02,4,21.38,-61.0,16.0,3.0,10.0,11.0,12.0,13.0,27.0,19.0,-76.25,-78.5,-81.88,-65.06,-78.94,-74.5,-77.38,-77.19,-71.63,-72.38,-73.75,-57.88,-66.63,-68.13,-71.94,-74.0,,,,,,,,,,,,,,,,,-59.38,3.19,11.81,9.0,21.56,7.75,12.0,10.25,9.13,1.0,11.88,8.06,16.19,9.25,12.5,9.25,5.56,,,,,,,,,,,,,,,,
	2020-09-01 21:56:04,999.26,21.43,3.94,30.0,0.0,0.0,1570.0,,,,,0.0,10.13,397003.0,248.0,1600.0,12.7,4,22.0,-60.13,3.0,19.0,27.0,11.0,12.0,13.0,16.0,17.0,-78.19,-77.25,-77.0,-64.5,-76.63,-76.44,-78.75,-85.56,-69.5,-71.06,-69.38,-58.13,-66.44,-74.75,-70.44,-74.69,,,,,,,,,,,,,,,,,-62.25,10.31,10.88,11.38,22.88,10.25,8.44,0.69,-3.0,14.69,7.25,9.88,20.81,14.06,8.81,2.44,-1.81,,,,,,,,,,,,,,,,
	2020-09-01 21:56:05,951.61,19.29,3.94,30.0,0.0,0.0,1559.0,,,,,0.0,5.35,392675.0,247.0,1589.0,11.46,4,21.5,-63.38,27.0,3.0,0.0,11.0,12.0,13.0,17.0,16.0,-78.19,-81.94,-79.5,-65.38,-76.31,-72.81,-85.0,-80.0,-71.94,-69.69,-71.56,-60.75,-67.25,-71.63,-74.06,-71.63,,,,,,,,,,,,,,,,,-63.38,9.5,10.75,-3.94,20.63,11.0,13.25,-6.38,0.81,7.88,11.75,-7.25,17.5,11.06,9.31,-1.19,2.38,,,,,,,,,,,,,,,,
	2020-09-01 21:56:06,988.34,21.4,3.94,30.0,0.0,0.0,1555.0,,,,,0.0,9.15,392025.0,247.0,1585.0,11.2,4,18.5,-66.13,0.0,19.0,3.0,11.0,12.0,13.0,16.0,27.0,-80.69,-82.0,-81.81,-70.19,-78.88,-77.31,-80.25,-82.94,-75.81,-75.5,-71.0,-65.56,-70.13,-73.19,-72.06,-74.44,,,,,,,,,,,,,,,,,-65.38,-4.38,9.06,11.5,17.88,10.31,12.31,3.44,9.0,-9.19,2.88,11.25,14.88,12.13,10.13,4.0,5.81,,,,,,,,,,,,,,,,
	2020-09-01 21:56:07,977.6,21.12,3.94,30.0,0.0,0.0,1567.0,,,,,0.0,11.88,393597.0,246.0,1598.0,13.38,4,19.38,-64.63,4.0,0.0,3.0,11.0,12.0,13.0,16.0,19.0,-83.81,-79.94,-81.94,-68.25,-74.75,-74.25,-77.13,-74.94,-72.56,-71.0,-71.25,-67.44,-76.81,-73.69,-72.5,-76.06,,,,,,,,,,,,,,,,,-67.5,11.0,-4.0,9.31,18.19,13.19,10.38,5.69,10.63,12.94,-5.31,11.06,13.81,5.69,12.13,6.5,4.56,,,,,,,,,,,,,,,,
	2020-09-01 21:56:08,942.52,20.68,3.95,27.0,0.0,0.0,1566.0,,,,,0.0,8.97,396185.0,249.0,1593.0,15.0,4,19.5,-67.5,12.0,11.0,20.0,19.0,13.0,16.0,0.0,3.0,-81.0,-72.69,-82.88,-80.5,-75.25,-80.63,-80.81,-84.94,-70.19,-67.0,-78.94,-75.44,-76.44,-70.31,-75.06,-74.0,,,,,,,,,,,,,,,,,-80.0,14.88,19.56,9.75,9.0,13.19,5.19,-2.13,10.19,14.5,14.31,3.63,5.5,9.5,10.56,-2.44,11.19,,,,,,,,,,,,,,,,
	2020-09-01 21:56:09,955.69,19.71,3.99,5.0,0.0,0.0,1591.0,,,,,0.0,10.53,401233.0,252.0,1595.0,14.96,4,20.38,-63.25,27.0,19.0,0.0,11.0,12.0,13.0,3.0,16.0,-76.25,-70.94,-71.38,-62.94,-70.19,-67.81,-77.56,-67.0,-71.44,-72.81,-70.88,-59.56,-65.88,-73.06,-70.63,-63.56,,,,,,,,,,,,,,,,,-62.13,7.0,8.94,6.56,19.38,11.81,11.69,12.5,12.56,7.63,2.94,-4.56,20.38,14.06,7.44,14.44,9.56,,,,,,,,,,,,,,,,
	2020-09-01 21:56:10,876.82,19.19,3.94,31.0,0.0,0.0,1565.0,,,,,0.0,9.27,394985.0,247.0,1596.0,15.0,4,20.5,-63.0,27.0,16.0,20.0,11.0,12.0,13.0,19.0,17.0,-71.25,-68.56,-74.69,-62.13,-76.25,-70.25,-69.38,-76.75,-80.63,-74.5,-81.94,-64.0,-74.19,-83.19,-79.38,-86.63,,,,,,,,,,,,,,,,,-67.0,11.13,6.75,4.81,21.56,7.38,15.56,9.56,-3.63,7.25,7.44,5.44,21.19,11.31,3.31,2.69,-1.69,,,,,,,,,,,,,,,,
	2020-09-01 21:56:11,920.26,19.81,3.94,30.0,0.0,0.0,1568.0,,,,,0.0,8.19,393738.0,246.0,1598.0,15.0,4,26.38,-63.13,8.0,27.0,19.0,11.0,12.0,3.0,4.0,16.0,-83.88,-72.13,-74.19,-62.38,-71.75,-72.81,-83.31,-82.88,-75.44,-78.19,-80.06,-73.25,-70.31,-73.44,-76.56,-72.5,,,,,,,,,,,,,,,,,-68.88,-8.0,15.25,10.44,27.63,18.88,18.19,8.13,-4.25,-2.69,6.81,-0.69,6.81,10.56,13.56,10.0,6.31,,,,,,,,,,,,,,,,
	2020-09-01 21:56:12,899.9,18.66,3.94,31.0,0.0,0.0,1569.0,,,,,0.0,10.38,394972.0,247.0,1600.0,15.0,4,22.13,-60.5,0.0,27.0,10.0,11.0,12.0,13.0,19.0,3.0,-74.63,-74.19,-71.44,-57.31,-67.25,-76.88,-72.88,-68.06,-71.31,-75.31,-76.75,-62.0,-75.06,-76.13,-73.88,-68.56,,,,,,,,,,,,,,,,,-62.5,-7.69,12.81,12.25,21.19,14.25,6.44,10.56,18.75,-5.19,8.75,9.63,20.19,7.44,8.88,9.06,16.75,,,,,,,,,,,,,,,,
	2020-09-01 21:56:13,827.9,18.13,3.94,30.0,0.0,0.0,1566.0,,,,,0.0,7.21,394940.0,247.0,1596.0,15.0,4,23.63,-61.63,22.0,27.0,3.0,11.0,12.0,13.0,19.0,20.0,-76.31,-73.81,-72.19,-61.75,-68.94,-76.25,-69.88,-74.94,-83.44,-82.69,-76.19,-70.13,-83.0,-89.5,-78.13,-79.75,,,,,,,,,,,,,,,,,-71.38,3.88,8.19,13.94,19.69,12.81,9.0,7.19,2.81,5.88,9.44,12.44,24.94,13.75,8.81,11.38,11.94,,,,,,,,,,,,,,,,
	2020-09-01 21:56:14,885.12,19.35,3.94,30.0,0.0,0.0,1568.0,,,,,0.0,9.39,393327.0,246.0,1598.0,14.3,4,25.38,-59.25,20.0,22.0,10.0,11.0,12.0,13.0,3.0,19.0,-73.94,-73.63,-73.56,-59.0,-69.44,-70.25,-66.06,-69.31,-88.81,-91.88,-84.5,-70.19,-78.69,-87.31,-79.19,-80.63,,,,,,,,,,,,,,,,,-63.63,10.31,9.94,11.56,23.0,15.75,16.25,13.69,6.44,8.75,3.94,13.81,25.38,18.94,9.56,14.88,15.25,,,,,,,,,,,,,,,,
	2020-09-01 21:56:15,763.78,15.48,3.94,30.0,0.0,0.0,1568.0,,,,,0.0,7.01,396903.0,248.0,1598.0,12.42,4,26.0,-58.88,19.0,20.0,10.0,11.0,12.0,3.0,22.0,27.0,-65.06,-67.5,-67.81,-57.44,-63.88,-71.19,-66.0,-66.63,-72.25,-78.75,-68.63,-58.25,-63.44,-66.56,-85.94,-72.13,,,,,,,,,,,,,,,,,-61.25,6.81,9.69,9.38,16.19,12.88,10.75,7.94,6.13,17.0,11.38,15.94,27.44,22.88,14.31,3.69,16.69,,,,,,,,,,,,,,,,
	2020-09-01 21:56:16,791.29,18.38,3.94,30.0,0.0,0.0,1564.0,,,,,0.0,9.17,392734.0,246.0,1594.0,12.66,4,20.5,-62.13,4.0,0.0,10.0,11.0,12.0,3.0,20.0,19.0,-71.31,-71.44,-77.0,-65.31,-69.81,-72.56,-72.94,-71.13,-75.56,-75.44,-73.0,-62.63,-66.19,-75.38,-75.69,-71.81,,,,,,,,,,,,,,,,,-63.38,12.13,-6.38,8.63,17.0,15.38,8.19,14.81,13.13,12.56,-8.63,9.81,19.25,18.75,9.13,12.56,13.69,,,,,,,,,,,,,,,,
	2020-09-01 21:56:17,859.14,18.77,3.96,21.0,0.0,0.0,1578.0,,,,,0.0,8.81,398367.0,249.0,1600.0,12.56,4,20.88,-64.63,19.0,3.0,4.0,27.0,20.0,12.0,13.0,11.0,-69.31,-73.25,-68.13,-73.06,-69.38,-66.19,-72.0,-65.31,-77.0,-77.19,-77.19,-80.38,-78.69,-69.38,-75.94,-69.25,,,,,,,,,,,,,,,,,-74.25,14.31,13.06,20.19,11.31,17.44,18.69,12.88,18.56,10.13,6.75,10.5,9.5,12.69,21.56,12.56,20.63,,,,,,,,,,,,,,,,
	2020-09-01 21:56:18,839.06,17.63,3.98,12.0,0.0,0.0,1582.0,,,,,0.0,9.77,401611.0,252.0,1594.0,12.12,4,22.13,-60.38,3.0,4.0,10.0,11.0,12.0,13.0,22.0,20.0,-79.88,-76.44,-80.75,-73.06,-67.06,-78.56,-71.19,-70.44,-70.69,-65.69,-70.31,-63.25,-58.63,-69.31,-78.69,-69.56,,,,,,,,,,,,,,,,,-62.0,6.81,13.94,5.44,14.44,22.63,10.31,10.75,16.81,8.25,16.38,7.63,16.69,22.94,13.5,7.63,20.44,,,,,,,,,,,,,,,,
	2020-09-01 21:56:19,720.1,15.45,3.94,30.0,0.0,0.0,1571.0,,,,,0.0,7.25,400825.0,251.0,1600.0,12.38,4,22.75,-59.88,20.0,28.0,3.0,11.0,12.0,13.0,4.0,0.0,-73.25,-82.56,-74.19,-73.81,-65.5,-75.0,-72.44,-73.88,-68.25,-72.69,-79.25,-70.5,-61.38,-74.0,-71.19,-76.56,,,,,,,,,,,,,,,,,-63.63,14.88,6.75,9.88,11.19,22.19,12.19,15.06,-3.44,16.13,14.94,3.69,9.94,19.25,5.69,14.5,-6.88,,,,,,,,,,,,,,,,
	2020-09-01 21:56:20,731.57,17.71,3.94,30.0,0.0,0.0,1568.0,,,,,0.0,10.08,397444.0,249.0,1598.0,12.94,4,21.5,-55.0,0.0,20.0,28.0,4.0,12.0,13.0,5.0,3.0,-65.81,-62.69,-67.13,-55.0,-56.56,-66.06,-72.63,-68.94,-75.19,-58.38,-62.38,-55.5,-54.5,-71.88,-67.56,-67.75,,,,,,,,,,,,,,,,,-55.0,-6.5,15.69,12.81,19.94,19.0,7.81,-0.94,2.38,-15.31,19.44,24.13,19.88,21.19,2.38,5.44,5.13,,,,,,,,,,,,,,,,
	2020-09-01 21:56:21,829.59,17.57,3.94,30.0,0.0,0.0,1562.0,,,,,0.0,10.36,396899.0,249.0,1592.0,12.52,4,21.38,-53.63,0.0,12.0,20.0,21.0,4.0,28.0,11.0,13.0,-70.31,-51.81,-59.31,-71.56,-52.19,-63.19,-69.88,-72.0,-79.94,-57.5,-62.94,-74.75,-60.75,-68.31,-74.81,-69.44,,,,,,,,,,,,,,,,,-59.75,-9.38,20.94,19.75,3.25,22.0,20.69,0.69,-0.81,-14.63,20.5,19.94,1.5,18.69,19.13,1.44,6.25,,,,,,,,,,,,,,,,
	2020-09-01 21:56:22,667.25,15.51,3.98,10.0,0.0,0.0,1580.0,,,,,0.0,8.23,401307.0,252.0,1590.0,12.74,4,20.25,-56.88,12.0,5.0,13.0,9.0,28.0,11.0,4.0,20.0,-60.19,-79.13,-74.38,-76.31,-74.88,-77.38,-61.56,-64.56,-60.63,-74.31,-71.44,-72.13,-68.88,-75.06,-61.44,-67.81,,,,,,,,,,,,,,,,,-59.63,19.31,6.56,4.25,-11.5,19.31,-0.25,25.5,19.13,17.81,6.56,4.81,-9.75,18.56,0.88,21.0,16.81,,,,,,,,,,,,,,,,
	2020-09-01 21:56:23,726.38,16.57,3.96,24.0,0.0,0.0,1577.0,,,,,0.0,9.56,402052.0,251.0,1601.0,12.98,4,22.13,-59.25,20.0,9.0,21.0,11.0,12.0,13.0,14.0,4.0,-71.0,-76.19,-74.56,-73.06,-60.31,-69.81,-75.0,-73.94,-68.94,-80.0,-78.5,-79.06,-67.31,-72.13,-81.44,-72.94,,,,,,,,,,,,,,,,,-66.25,11.81,-10.13,2.0,6.63,20.81,10.56,5.25,19.0,21.13,-8.06,5.44,4.44,18.69,14.5,3.88,17.69,,,,,,,,,,,,,,,,
	2020-09-01 21:56:24,728.62,15.99,3.94,30.0,0.0,0.0,1567.0,,,,,0.0,10.78,398795.0,250.0,1597.0,12.22,4,23.88,-60.25,4.0,9.0,20.0,11.0,12.0,13.0,5.0,21.0,-69.06,-83.0,-78.88,-79.75,-58.44,-70.0,-76.69,-82.81,-79.06,-73.94,-73.88,-75.13,-64.0,-69.19,-84.44,-75.81,,,,,,,,,,,,,,,,,-63.13,20.19,-12.31,14.63,2.94,25.06,11.94,8.44,3.38,15.69,-5.94,16.0,6.25,20.5,12.44,10.06,10.31,,,,,,,,,,,,,,,,
	2020-09-01 21:56:25,653.63,15.54,3.94,30.0,0.0,0.0,1570.0,,,,,0.0,7.0,400879.0,251.0,1600.0,12.52,4,23.0,-58.5,21.0,9.0,20.0,11.0,12.0,13.0,14.0,4.0,-76.69,-78.31,-76.63,-77.25,-59.81,-67.13,-77.69,-77.63,-74.81,-76.88,-71.69,-76.0,-61.19,-66.56,-79.56,-82.31,,,,,,,,,,,,,,,,,-66.75,8.44,-11.81,11.44,2.0,21.94,12.25,3.31,17.75,10.13,-14.5,16.0,1.19,18.88,9.94,-1.31,18.44,,,,,,,,,,,,,,,,
	2020-09-01 21:56:26,704.65,16.37,3.94,30.0,0.0,0.0,1560.0,,,,,0.0,8.68,397574.0,250.0,1590.0,12.2,4,23.75,-64.5,5.0,20.0,21.0,28.0,12.0,13.0,14.0,4.0,-79.81,-77.5,-81.06,-81.63,-71.25,-77.25,-86.44,-77.63,-90.31,-74.31,-73.69,-81.69,-65.69,-72.19,-80.94,-85.88,,,,,,,,,,,,,,,,,-64.5,13.44,14.25,5.88,12.25,25.19,17.94,9.44,17.25,9.31,13.19,9.13,7.88,18.13,9.63,2.44,15.13,,,,,,,,,,,,,,,,
	2020-09-01 21:56:27,705.94,15.15,3.94,31.0,0.0,0.0,1567.0,,,,,0.0,9.76,399546.0,250.0,1599.0,11.8,4,22.5,-64.88,21.0,5.0,20.0,29.0,12.0,13.0,4.0,0.0,-69.88,-69.38,-73.88,-75.44,-73.94,-69.19,-70.38,-73.0,-78.31,-84.56,-81.0,-84.5,-65.75,-65.5,-78.94,-91.13,,,,,,,,,,,,,,,,,-69.88,3.0,8.19,9.88,2.63,16.38,14.06,15.56,-3.13,11.44,12.69,14.19,7.63,24.31,19.31,21.0,-8.19,,,,,,,,,,,,,,,,
	2020-09-01 21:56:28,670.99,15.85,3.94,30.0,0.0,0.0,1565.0,,,,,0.0,9.58,398953.0,250.0,1595.0,12.1,4,21.75,-62.13,24.0,20.0,22.0,28.0,12.0,13.0,29.0,21.0,-69.31,-61.25,-72.31,-63.69,-60.25,-63.94,-67.94,-63.38,-91.88,-75.0,-83.5,-78.88,-67.06,-69.69,-84.44,-80.06,,,,,,,,,,,,,,,,,-65.25,3.81,14.19,0.63,13.56,17.63,12.06,2.88,7.81,-0.88,15.75,5.0,14.94,21.56,17.69,5.56,6.75,,,,,,,,,,,,,,,,
	2020-09-01 21:56:29,606.66,14.39,3.94,30.0,0.0,0.0,1567.0,,,,,0.0,7.71,394030.0,247.0,1596.0,12.24,4,16.38,-66.25,20.0,13.0,14.0,21.0,28.0,22.0,12.0,4.0,-78.38,-79.0,-87.44,-81.63,-82.0,-86.5,-72.56,-84.63,-69.88,-66.5,-77.0,-72.75,-75.31,-76.44,-67.19,-75.19,,,,,,,,,,,,,,,,,-68.5,19.06,13.94,7.44,9.69,15.81,7.56,22.63,19.81,14.75,16.56,9.38,9.75,12.81,6.06,21.31,19.06,,,,,,,,,,,,,,,,
	2020-09-01 21:56:30,649.5,15.25,3.98,9.0,0.0,0.0,1548.0,,,,,0.0,9.63,382375.0,246.0,1557.0,12.36,4,15.5,-64.38,20.0,15.0,14.0,11.0,12.0,21.0,8.0,13.0,-71.06,-83.13,-82.0,-82.25,-69.81,-70.25,-83.25,-68.88,-71.13,-74.13,-72.5,-74.88,-64.44,-75.44,-74.88,-62.5,,,,,,,,,,,,,,,,,-68.5,15.19,3.38,8.19,9.44,24.13,8.0,-3.75,14.19,15.75,1.25,9.63,5.81,16.75,6.88,-4.63,14.63,,,,,,,,,,,,,,,,
	2020-09-01 21:56:31,585.34,14.66,3.95,24.0,0.0,0.0,1560.0,,,,,0.0,8.71,389161.0,246.0,1584.0,12.06,4,11.13,-66.5,22.0,17.0,21.0,20.0,12.0,13.0,28.0,29.0,-70.13,-75.0,-62.25,-66.63,-68.81,-69.25,-68.88,-66.5,-82.88,-91.0,-75.06,-76.69,-71.56,-70.5,-87.63,-81.94,,,,,,,,,,,,,,,,,-63.88,7.13,-17.75,10.44,10.69,18.19,14.0,11.38,11.19,7.81,-17.56,12.44,12.94,18.44,13.63,6.19,9.88,,,,,,,,,,,,,,,,
	2020-09-01 21:56:32,627.36,15.28,3.96,21.0,0.0,0.0,1578.0,,,,,0.0,8.82,403801.0,253.0,1599.0,12.4,4,19.38,-59.0,13.0,4.0,21.0,14.0,28.0,22.0,12.0,20.0,-69.13,-90.75,-78.06,-82.69,-84.63,-85.63,-76.88,-77.5,-52.44,-64.56,-56.75,-61.56,-64.5,-62.88,-55.19,-58.81,,,,,,,,,,,,,,,,,-55.38,22.06,9.81,11.5,9.69,8.81,4.44,16.69,12.94,15.13,13.69,8.69,10.06,8.19,3.81,17.5,8.19,,,,,,,,,,,,,,,,
	2020-09-01 21:56:33,712.38,15.6,4.0,1.0,0.0,0.0,1589.0,,,,,0.0,9.57,405957.0,255.0,1590.0,12.14,4,,,,,,,,,,,,,,,,,,,,,,,,,,,,,,,,,,,,,,,,,,,,,,,,,,,,,,,,,,,,,,,,,,,,,,,,,,,
	2020-09-01 21:56:34,562.78,14.42,3.73,1.0,0.0,424.0,1172.0,,,,,0.0,9.46,407526.0,255.0,1597.0,11.52,3,,,,,,,,,,,,,,,,,,,,,,,,,,,,,,,,,,,,,,,,,,,,,,,,,,,,,,,,,,,,,,,,,,,,,,,,,,,
	2020-09-01 21:56:35,605.09,17.19,3.18,9.0,0.0,1277.0,312.0,,,,,0.0,10.39,406545.0,254.0,1598.0,11.32,3,16.25,-69.25,20.0,13.0,5.0,12.0,21.0,22.0,14.0,17.0,-72.88,-70.06,-78.81,-76.0,-73.5,-77.13,-78.81,-78.5,-75.44,-73.31,-83.0,-76.19,-71.25,-78.19,-82.44,-80.75,,,,,,,,,,,,,,,,,-70.63,18.31,16.25,15.25,12.06,13.38,11.06,11.44,-4.75,11.63,11.13,10.13,11.56,12.88,8.69,7.38,-13.5,,,,,,,,,,,,,,,,
	2020-09-01 21:56:36,552.78,15.81,3.19,9.0,0.0,1270.0,320.0,,,,,0.0,10.82,407425.0,255.0,1599.0,11.2,3,20.0,-68.38,5.0,14.0,13.0,21.0,28.0,29.0,30.0,12.0,-78.88,-78.69,-71.06,-78.56,-88.81,-86.38,-90.69,-78.81,-81.94,-82.88,-67.56,-73.94,-77.94,-72.38,-81.06,-78.94,,,,,,,,,,,,,,,,,-76.75,15.31,10.69,17.44,15.75,7.88,11.0,5.19,7.88,16.13,7.63,23.75,19.94,8.06,14.69,6.94,10.0,,,,,,,,,,,,,,,,
	2020-09-01 21:56:37,537.82,16.72,2.99,10.0,0.0,1583.0,0.0,,,,,0.0,7.9,404284.0,254.0,1594.0,11.42,3,21.13,-67.5,0.0,21.0,29.0,22.0,6.0,13.0,5.0,20.0,-99.75,-68.0,-74.69,-76.06,-95.44,-66.69,-84.19,-75.63,-75.94,-71.06,-83.38,-80.25,-78.5,-71.69,-69.63,-77.88,,,,,,,,,,,,,,,,,-69.75,-8.63,18.81,17.5,11.5,3.38,22.31,16.13,12.13,1.63,20.44,8.75,10.94,3.94,19.56,16.25,15.63,,,,,,,,,,,,,,,,
	2020-09-01 21:56:38,581.26,17.55,2.99,11.0,0.0,1571.0,0.0,,,,,0.0,7.77,401554.0,254.0,1582.0,11.54,3,23.88,-67.75,5.0,21.0,17.0,20.0,29.0,13.0,14.0,22.0,-85.63,-73.5,-82.31,-81.13,-77.06,-67.63,-80.25,-80.0,-77.88,-73.38,-79.75,-77.94,-78.5,-67.19,-82.69,-79.25,,,,,,,,,,,,,,,,,-66.63,18.25,16.81,-14.25,7.25,16.06,23.94,11.81,8.94,14.88,13.81,-13.31,7.0,11.13,24.25,8.44,9.25,,,,,,,,,,,,,,,,
	2020-09-01 21:56:39,627.62,17.87,2.98,12.0,0.0,1544.0,0.0,,,,,0.0,11.4,390897.0,251.0,1555.0,10.94,3,19.75,-68.25,5.0,22.0,20.0,6.0,29.0,13.0,14.0,21.0,-72.38,-86.75,-84.88,-80.63,-82.88,-79.0,-88.75,-73.75,-83.75,-77.94,-80.5,-87.56,-77.88,-68.75,-79.06,-70.88,,,,,,,,,,,,,,,,,-74.13,15.38,6.75,7.75,1.81,13.38,19.5,6.31,19.19,11.19,8.13,6.5,5.31,10.13,21.44,7.94,16.56,,,,,,,,,,,,,,,,
	2020-09-01 21:56:40,499.95,16.03,2.96,31.0,0.0,1555.0,0.0,,,,,0.0,8.07,395792.0,250.0,1586.0,11.12,3,17.25,-66.25,14.0,8.0,22.0,20.0,13.0,29.0,21.0,12.0,-81.19,-84.44,-77.06,-77.38,-76.19,-82.19,-75.0,-80.63,-74.19,-79.94,-74.81,-80.19,-68.69,-76.63,-72.38,-77.69,,,,,,,,,,,,,,,,,-79.25,4.19,0.06,7.19,9.25,11.44,6.88,13.06,2.38,7.75,1.75,7.88,2.69,14.63,10.38,11.0,3.44,,,,,,,,,,,,,,,,
	2020-09-01 21:56:41,494.43,14.36,2.96,30.0,0.0,1568.0,0.0,,,,,0.0,7.76,398686.0,249.0,1598.0,10.34,3,24.75,-70.38,8.0,22.0,21.0,17.0,29.0,13.0,14.0,5.0,-86.13,-86.94,-76.19,-92.69,-81.13,-73.13,-86.06,-88.19,-90.25,-79.56,-73.5,-84.13,-83.81,-76.56,-89.56,-82.44,,,,,,,,,,,,,,,,,-84.0,8.13,8.44,22.19,-14.31,13.63,26.0,10.94,16.69,1.81,12.63,19.13,-11.63,5.25,19.19,3.69,14.31,,,,,,,,,,,,,,,,
	2020-09-01 21:56:42,503.29,15.75,2.96,30.0,0.0,1561.0,0.0,,,,,0.0,8.79,396595.0,249.0,1591.0,9.72,3,16.25,-70.88,5.0,14.0,13.0,8.0,21.0,29.0,22.0,20.0,-76.88,-71.69,-64.0,-75.38,-69.44,-73.0,-78.31,-83.56,-70.63,-74.5,-63.63,-78.94,-68.13,-70.69,-71.69,-74.94,,,,,,,,,,,,,,,,,-74.0,14.31,13.63,24.63,6.69,12.63,12.88,4.75,-2.88,11.31,2.69,17.0,-1.25,8.19,8.38,6.13,4.31,,,,,,,,,,,,,,,,
